2016,3,1,NYC,1,0.48491254,136.54478,33219,0.6,0.0,11.700000000000001,5.0
2016,3,1,SFO,3,0.44529805,197.05617,30277,0.0,0.0,21.244000000000007,9.140000000000002
2016,3,1,NAS,4,0.23601896,194.68611,5025,1.2777777777777777,0.0,18.6,3.05
2016,3,2,NYC,1,0.48649776,137.0741,36291,4.1000000000000005,0.0,11.700000000000001,-1.0
2016,3,2,SFO,3,0.44472897,197.38202,27454,0.06446280991735537,0.0,20.82,9.88571428571429
2016,3,2,NAS,4,0.23744076,194.9192,4631,10.309999999999999,0.0,13.6,0.0
2016,3,3,NYC,1,0.48674807,137.61154,36390,0.0,0.0,2.8000000000000003,-2.7
2016,3,3,SFO,3,0.44458672,197.08171,31799,2.129577464788734,0.0,17.783999999999995,11.548
2016,3,3,NAS,4,0.23744076,200.45059,5741,1.2615384615384615,0.0,6.950000000000001,1.4000000000000001
2016,3,4,NYC,1,0.48113024,143.58922,34720,2.6999999999999997,23.0,3.9000000000000004,-1.0
2016,3,4,SFO,3,0.44060323,202.48119,32488,4.278625954198475,0.0,16.748979591836736,12.410416666666668
2016,3,4,NAS,4,0.23696682,220.21863,6411,4.192857142857141,0.0,7.5,1.4
2016,3,5,SFO,3,0.43818465,202.2745,21839,20.21159420289856,0.0,16.036734693877545,11.899999999999999
2016,3,5,NYC,1,0.48265985,144.25368,26583,1.1500000000000001,0.0,5.6000000000000005,-1.6
2016,3,5,NAS,4,0.23696682,220.89192,3795,0.15185185185185185,0.0,14.024999999999999,-1.0750000000000002
2016,3,6,NYC,1,0.47498402,141.44057,32356,0.0,0.0,7.2,-0.5
2016,3,6,SFO,3,0.4305022,196.03922,31360,45.005755395683444,0.0,14.796000000000006,8.484
2016,3,6,NAS,4,0.22938389,202.66667,3839,0.15714285714285717,0.0,17.900000000000002,-0.8250000000000001
2016,3,7,NYC,1,0.47910005,141.25537,40391,0.0,0.0,11.700000000000001,1.7000000000000002
2016,3,7,SFO,3,0.4305022,195.25806,32890,23.134814814814806,0.0,13.985999999999999,7.153999999999999
2016,3,7,NAS,4,0.23649289,196.51459,5018,0.0,0.0,19.875,4.6
2016,3,8,NYC,1,0.48018467,141.1215,35147,0.0,0.0,16.1,4.4
2016,3,8,SFO,3,0.42979085,195.20259,30769,2.7500000000000027,0.0,13.665999999999999,4.8500000000000005
2016,3,8,NAS,4,0.23744076,195.46489,4611,0.010714285714285716,0.0,22.900000000000002,9.75
2016,3,9,NYC,1,0.4825486,141.24422,36919,0.0,0.0,16.7,5.0
2016,3,9,SFO,3,0.4292218,195.20589,30374,3.9164285714285736,0.0,15.287500000000003,8.295833333333336
2016,3,9,NAS,4,0.2421801,197.88493,5333,0.011111111111111113,0.0,24.425,13.375000000000002
2016,3,10,SFO,3,0.4292218,195.49426,29570,13.180000000000003,0.0,16.214285714285715,10.76530612244898
2016,3,10,NYC,1,0.48299357,141.53362,38258,0.0,0.0,21.1,11.700000000000001
2016,3,10,NAS,4,0.24691944,201.86533,5298,2.05925925925926,0.0,24.425,15.3
2016,3,11,SFO,3,0.42822593,201.90445,29658,34.62624113475175,0.0,14.168,8.887755102040817
2016,3,11,NYC,1,0.4817699,147.17854,37141,0.7666666666666666,0.0,20.0,10.0
2016,3,11,NAS,4,0.25118482,219.77974,6308,21.872413793103444,0.0,20.0,12.899999999999999
2016,3,12,NYC,1,0.48574686,147.19637,25905,0.0,0.0,12.200000000000001,4.4
2016,3,12,SFO,3,0.42907953,201.16023,21870,14.680136986301374,0.0,13.077999999999998,7.553061224489798
2016,3,12,NAS,4,0.24881516,220.00127,5480,1.0481481481481483,0.0,19.85,13.6
2016,3,13,NYC,1,0.4827989,142.18256,33601,0.0,0.0,17.2,8.3
2016,3,13,SFO,3,0.43078673,195.86879,28852,24.820567375886537,0.0,13.466000000000001,10.728000000000003
2016,3,13,NAS,4,0.22985782,204.54523,4670,18.732142857142858,0.0,23.45,13.325000000000001
2016,3,14,NYC,1,0.48824987,141.65404,39850,4.4,0.0,10.600000000000001,6.1000000000000005
2016,3,14,SFO,3,0.43306303,196.28783,31205,13.350714285714284,0.0,15.004000000000001,7.808000000000001
2016,3,14,NAS,4,0.23033175,195.75554,6111,4.546428571428572,0.0,21.825000000000003,11.525000000000002
2016,3,15,SFO,3,0.43249395,196.70168,31844,0.056198347107438006,0.0,18.257999999999992,5.624
2016,3,15,NYC,1,0.49022442,141.26035,38683,10.333333333333334,0.0,13.9,7.2
2016,3,15,NAS,4,0.22985782,195.20369,4935,3.4740740740740743,0.0,25.700000000000003,8.725
2016,3,16,NYC,1,0.49623162,140.70128,36827,0.20000000000000004,0.0,14.4,5.6000000000000005
2016,3,16,SFO,3,0.43263623,197.19434,34580,0.0025862068965517245,0.0,21.514583333333334,7.1916666666666655
2016,3,16,NAS,4,0.23270142,194.91971,5892,0.21481481481481482,0.0,26.925,8.875
2016,3,17,NYC,1,0.5031287,140.7141,37267,0.43333333333333335,0.0,17.2,6.7
2016,3,17,SFO,3,0.4317826,197.53555,32966,0.0,0.0,23.86326530612246,9.304081632653059
2016,3,17,NAS,4,0.23601896,198.84863,5801,0.02962962962962963,0.0,22.075000000000003,5.125
2016,3,18,NYC,1,0.5037962,145.76678,32861,0.0,0.0,16.1,6.7
2016,3,18,SFO,3,0.4300754,202.20993,32329,0.00847457627118644,0.0,21.307999999999996,8.694000000000003
2016,3,18,NAS,4,0.23696682,218.85466,5673,0.0,0.0,20.975,3.8750000000000004
2016,3,19,NYC,1,0.50883,145.35185,25248,0.0,0.0,8.3,2.2
2016,3,19,SFO,3,0.4292218,201.88708,26608,0.0,0.0,19.928571428571427,9.079591836734691
2016,3,19,NAS,4,0.2350711,219.16542,4687,0.022222222222222227,0.0,17.5,4.8500000000000005
2016,3,20,NYC,1,0.50574297,141.41364,33074,0.4,3.0,7.2,1.1
2016,3,20,SFO,3,0.4296486,195.65752,31259,1.9571428571428575,0.0,18.230000000000004,9.613999999999999
2016,3,20,NAS,4,0.22464456,201.51405,4974,0.32592592592592595,0.0,11.25,3.2
2016,3,21,SFO,3,0.42822593,195.51381,31597,8.717293233082705,0.0,15.700000000000001,8.235416666666667
2016,3,21,NYC,1,0.5133632,140.73506,37884,2.95,17.5,10.600000000000001,0.6000000000000001
2016,3,21,NAS,4,0.22701421,195.72102,5830,0.3333333333333333,0.0,11.375,1.25
2016,3,22,NYC,1,0.51856387,140.25713,37060,0.0,0.0,11.700000000000001,2.2
2016,3,22,SFO,3,0.4269455,195.26167,30593,6.409489051094888,0.0,16.193617021276598,6.159574468085107
2016,3,22,NAS,4,0.22606635,194.79486,5342,0.0,0.0,17.5,1.825
2016,3,23,NYC,1,0.52395916,140.05095,35234,0.0,0.0,22.200000000000003,7.2
2016,3,23,SFO,3,0.4262342,195.65112,30983,0.054700854700854694,0.0,18.957446808510635,6.4063829787234035
2016,3,23,NAS,4,0.22417061,195.37752,4837,0.0,0.0,22.075,7.925000000000001
2016,3,24,NYC,1,0.5283255,139.99889,37963,0.0,0.0,13.3,7.2
2016,3,24,SFO,3,0.42580736,196.12958,33251,0.0,0.0,20.163829787234043,7.540425531914894
2016,3,24,NAS,4,0.22085308,202.28224,5557,1.2518518518518518,0.0,21.225,10.4
2016,3,25,SFO,3,0.4252383,202.40791,33223,0.0,0.0,21.002040816326527,8.051020408163266
2016,3,25,NYC,1,0.5271018,144.84686,36491,0.0,0.0,20.0,7.2
2016,3,25,NAS,4,0.22274882,222.19633,6588,10.837931034482759,0.0,14.575000000000001,4.425000000000001
2016,3,26,NYC,1,0.5208165,145.51642,25089,0.3333333333333333,0.0,11.100000000000001,3.3000000000000003
2016,3,26,SFO,3,0.4226775,203.01996,26506,0.0,0.0,21.166666666666664,8.720833333333335
2016,3,26,NAS,4,0.22180095,222.595,4647,1.1520000000000001,0.0,16.8,1.4000000000000001
2016,3,27,NYC,1,0.5093862,141.62854,33859,0.0,0.0,9.4,4.4
2016,3,27,SFO,3,0.42196614,197.01625,30152,0.0027027027027027033,0.0,19.170833333333334,8.862500000000002
2016,3,27,NAS,4,0.22369668,203.10135,5977,0.19166666666666668,0.0,22.375000000000004,5.725
2016,3,28,NYC,1,0.5078566,141.00633,36238,8.9,0.0,17.8,6.1000000000000005
2016,3,28,SFO,3,0.42281973,196.47966,30582,0.022123893805309734,0.0,16.585416666666664,6.2571428571428545
2016,3,28,NAS,4,0.23080568,196.0875,5367,3.54074074074074,0.0,19.175,5.975
2016,3,29,NYC,1,0.5060211,140.86488,35606,5.000000000000001,0.0,12.8,4.4
2016,3,29,SFO,3,0.4226775,196.44283,30169,0.49206349206349187,0.0,17.47959183673469,5.085714285714285
2016,3,29,NAS,4,0.23080568,194.94885,6243,0.8083333333333335,0.0,17.075,3.9
2016,3,30,NYC,1,0.50666076,141.06934,36480,0.0,0.0,9.4,2.2
2016,3,30,SFO,3,0.4226775,197.2659,30221,0.0,0.0,18.104081632653063,5.658333333333332
2016,3,30,NAS,4,0.28957346,197.83589,5408,0.6,0.0,21.1,5.15
2016,3,31,NYC,1,0.5050755,141.20656,38431,0.0,0.0,18.3,7.800000000000001
2016,3,31,SFO,3,0.4226775,197.68654,33330,0.0,0.0,19.235416666666662,7.5872340425531934
2016,3,31,NAS,4,0.29099527,203.84158,5652,9.614285714285716,0.0,23.875000000000004,9.575000000000001
2016,4,1,NYC,1,0.50112635,147.84825,37631,0.26666666666666666,0.0,18.900000000000002,11.100000000000001
2016,4,1,SFO,3,0.42139706,204.53258,35043,0.0,0.0,19.1625,7.421276595744681
2016,4,1,NAS,4,0.29336494,225.6613,5189,12.596428571428572,0.0,22.075000000000003,10.700000000000001
2016,4,2,NYC,1,0.5096018,147.86201,24037,4.1000000000000005,0.0,15.600000000000001,8.3
2016,4,2,SFO,3,0.41968986,203.3572,24275,0.0,0.0,21.304081632653066,8.319148936170214
2016,4,2,NAS,4,0.292891,226.11461,5454,0.020833333333333332,0.0,18.9,4.05
2016,4,3,NYC,1,0.68816364,143.8095,32704,6.6000000000000005,0.0,9.4,2.2
2016,4,3,SFO,3,0.41399914,197.63632,34199,0.0,0.0,20.33958333333334,8.504347826086956
2016,4,3,NAS,4,0.2834123,207.19643,4928,0.019230769230769232,0.0,18.775,0.5750000000000001
2016,4,4,NYC,1,0.65993154,142.6091,40519,4.2,0.0,9.4,-0.5
2016,4,4,SFO,3,0.41172287,196.83676,35513,0.027927927927927927,0.0,21.278723404255313,9.35434782608696
2016,4,4,NAS,4,0.2890995,199.67667,5994,0.0,0.0,22.9,4.175000000000001
2016,4,5,NYC,1,0.6394998,142.54184,37292,0.0,0.0,6.1000000000000005,-3.2
2016,4,5,SFO,3,0.410727,196.55673,34658,0.002752293577981652,0.0,26.041666666666668,9.074468085106384
2016,4,5,NAS,4,0.2900474,198.56609,5964,0.262962962962963,0.0,21.340000000000003,2.5
2016,4,6,NYC,1,0.6357003,142.51575,39076,0.0,0.0,8.9,-2.7
2016,4,6,SFO,3,0.40958884,197.04964,36857,0.0,0.0,29.64680851063829,12.595744680851064
2016,4,6,NAS,4,0.2890995,197.96933,6248,0.1777777777777778,0.0,16.580000000000002,4.0
2016,4,7,NYC,1,0.6432741,143.26747,41402,0.75,0.0,15.0,8.9
2016,4,7,SFO,3,0.40930432,197.46387,35564,0.0,0.0,25.068749999999998,12.302040816326532
2016,4,7,NAS,4,0.28957346,205.87259,6229,6.23448275862069,0.0,18.560000000000002,6.9
2016,4,8,NYC,1,0.65067184,149.5081,40003,0.9,0.0,10.0,3.9000000000000004
2016,4,8,SFO,3,0.40773937,203.07062,38024,0.6632478632478632,0.0,19.783673469387757,12.075510204081636
2016,4,8,NAS,4,0.2890995,225.58667,6200,1.4357142857142855,0.0,16.660000000000004,4.5600000000000005
2016,4,9,NYC,1,0.65132606,150.245,27864,1.1500000000000001,0.0,7.2,0.6000000000000001
2016,4,9,SFO,3,0.40688577,203.29,29790,8.415,0.0,16.93125,12.321276595744681
2016,4,9,NAS,4,0.28767774,226.23952,5453,0.012500000000000002,0.0,13.540000000000001,2.22
2016,4,10,NYC,1,0.625585,145.1129,35957,1.6500000000000001,0.0,9.4,-0.5
2016,4,10,SFO,3,0.40660122,197.68304,37781,9.467857142857136,0.0,14.648936170212764,10.972340425531911
2016,4,10,NAS,4,0.2829384,208.25116,5137,0.06521739130434782,0.0,15.560000000000002,2.12
2016,4,11,NYC,1,0.6215087,143.15683,40727,0.0,0.0,12.8,6.7
2016,4,11,SFO,3,0.40660122,197.79333,38236,0.5118110236220469,0.0,17.45714285714286,10.499999999999998
2016,4,11,NAS,4,0.28578198,199.61713,5673,0.9458333333333334,0.0,20.800000000000004,5.1000000000000005
2016,4,12,NYC,1,0.6183886,141.99341,38492,2.3,0.0,15.600000000000001,6.1000000000000005
2016,4,12,SFO,3,0.40688577,197.76805,36497,0.01842105263157895,0.0,17.332653061224494,9.65208333333333
2016,4,12,NAS,4,0.28672987,198.37741,5578,1.003846153846154,0.0,19.8,6.22
2016,4,13,SFO,3,0.40745482,198.3808,37285,0.25181818181818183,0.0,18.23191489361702,8.89787234042553
2016,4,13,NYC,1,0.6222133,141.85834,40284,2.15,0.0,12.8,2.8000000000000003
2016,4,13,NAS,4,0.28672987,198.71628,6010,0.0,0.0,19.119999999999997,4.0
2016,4,14,NYC,1,0.631322,142.29996,42383,0.0,0.0,13.9,3.3000000000000003
2016,4,14,SFO,3,0.4067435,199.23788,38165,4.466187050359715,0.0,17.561702127659576,7.341666666666666
2016,4,14,NAS,4,0.2834123,207.43254,5917,0.07307692307692308,0.0,21.32,7.9
2016,4,15,NYC,1,0.6372603,148.04272,43001,0.0,0.0,14.4,3.3000000000000003
2016,4,15,SFO,3,0.40475175,204.99426,35141,0.23333333333333336,0.0,20.455319148936162,6.487234042553189
2016,4,15,NAS,4,0.28388625,227.01654,6003,0.7629629629629632,0.0,24.1,11.86
2016,4,16,NYC,1,0.6359016,148.27145,28502,0.0,0.0,19.400000000000002,3.9000000000000004
2016,4,16,SFO,3,0.40532082,204.86867,26673,0.004629629629629629,0.0,25.65744680851064,10.068085106382977
2016,4,16,NAS,4,0.2843602,227.43907,4679,0.0,0.0,26.1,8.88
2016,4,17,NYC,1,0.6106386,144.06973,36490,0.0,0.0,20.6,6.1000000000000005
2016,4,17,SFO,3,0.40532082,198.87799,31932,0.0,0.0,27.60204081632654,10.548979591836734
2016,4,17,NAS,4,0.28199053,207.49901,6231,0.0,0.0,26.580000000000002,9.440000000000001
2016,4,18,NYC,1,0.60588294,142.78185,39209,0.0,0.0,25.6,7.2
2016,4,18,SFO,3,0.40347132,198.19055,36870,0.0,0.0,28.630612244897964,11.10204081632653
2016,4,18,NAS,4,0.28578198,200.40479,6198,0.0,0.0,27.880000000000003,9.32
2016,4,19,NYC,1,0.6025364,142.09407,36943,0.0,0.0,22.200000000000003,11.100000000000001
2016,4,19,SFO,3,0.40389815,198.45561,36666,0.0,0.0,27.102040816326536,10.77551020408163
2016,4,19,NAS,4,0.28483412,199.03976,6051,0.0,0.0,28.175,10.55
2016,4,20,NYC,1,0.6059081,142.47989,38175,0.0,0.0,19.400000000000002,8.9
2016,4,20,SFO,3,0.40304452,198.91826,38189,0.0,0.0,24.14166666666667,9.15416666666667
2016,4,20,NAS,4,0.2843602,198.37749,7146,0.0,0.0,28.050000000000004,13.174999999999999
2016,4,21,NYC,1,0.60980827,142.81615,41629,0.0,0.0,17.8,8.3
2016,4,21,SFO,3,0.40176412,198.64542,38394,0.2252100840336135,0.0,21.1469387755102,11.924489795918369
2016,4,21,NAS,4,0.28483412,206.02518,5275,0.22400000000000003,0.0,27.18,14.660000000000002
2016,4,22,NYC,1,0.6105128,148.85464,37356,0.16666666666666666,0.0,21.700000000000003,11.700000000000001
2016,4,22,SFO,3,0.40091053,204.32297,38519,6.764492753623188,0.0,16.945833333333336,10.587755102040813
2016,4,22,NAS,4,0.28625593,225.81938,6170,8.139285714285716,0.0,24.200000000000003,13.66
2016,4,23,NYC,1,0.6109406,149.2468,30202,2.3666666666666667,0.0,21.700000000000003,12.200000000000001
2016,4,23,SFO,3,0.4000569,204.15367,28664,4.752554744525549,0.0,18.53191489361702,7.697826086956522
2016,4,23,NAS,4,0.28625593,226.43294,3883,0.0,0.0,23.660000000000004,9.98
2016,4,24,NYC,1,0.592245,144.58618,36265,0.10000000000000002,0.0,17.8,8.3
2016,4,24,SFO,3,0.4000569,198.28125,36933,0.05514018691588785,0.0,19.170833333333338,8.789583333333333
2016,4,24,NAS,4,0.28246444,207.8276,5243,0.0,0.0,25.22,8.760000000000002
2016,4,25,NYC,1,0.59078556,144.30154,39925,0.0,0.0,16.7,8.3
2016,4,25,SFO,3,0.40162185,198.24655,38483,0.0,0.0,18.489361702127663,6.1276595744680815
2016,4,25,NAS,4,0.28530806,199.94165,5515,0.0,0.0,28.320000000000004,12.8
2016,4,26,NYC,1,0.5892003,143.78911,36612,1.4333333333333333,0.0,18.3,8.3
2016,4,26,SFO,3,0.40105277,198.24252,33839,0.0,0.0,19.02040816326531,6.653061224489794
2016,4,26,NAS,4,0.28483412,198.95891,4980,0.2846153846153846,0.0,29.560000000000002,15.34
2016,4,27,SFO,3,0.40034145,198.41281,33872,0.5544642857142855,0.0,17.651020408163262,8.181632653061225
2016,4,27,NYC,1,0.59297466,144.12611,38948,0.43333333333333335,0.0,12.200000000000001,7.800000000000001
2016,4,27,NAS,4,0.2872038,199.24002,6459,7.393548387096776,0.0,29.559999999999995,17.0
2016,4,28,SFO,3,0.3996301,198.77986,37372,0.7322580645161287,0.0,21.3265306122449,7.856249999999998
2016,4,28,NYC,1,0.6011021,143.91685,41935,0.0,0.0,15.0,8.3
2016,4,28,NAS,4,0.2872038,206.17021,5911,2.8366666666666664,0.0,28.76,15.560000000000002
2016,4,29,NYC,1,0.6076695,148.50038,41078,0.4,0.0,13.9,8.3
2016,4,29,SFO,3,0.43861148,203.5811,38666,0.0028571428571428576,0.0,21.097872340425535,8.770212765957446
2016,4,29,NAS,4,0.29383886,226.95638,4851,0.0,0.0,27.78000000000001,12.24
2016,4,30,NYC,1,0.60520357,147.36418,25916,0.25,0.0,15.600000000000001,8.3
2016,4,30,SFO,3,0.43775785,203.66902,27524,0.0,0.0,24.128260869565214,10.335555555555558
2016,4,30,NAS,4,0.292891,227.68968,4777,2.365217391304348,0.0,25.125,14.725000000000001
2016,5,1,NYC,1,0.61573315,145.35954,37233,4.7,0.0,10.0,7.2
2016,5,1,SFO,3,0.43277848,197.83873,35496,0.0,0.0,26.685106382978724,11.655319148936169
2016,5,1,NAS,4,0.28246444,209.99736,4740,4.165384615384614,0.0,26.224999999999998,16.8
2016,5,2,SFO,3,0.43220943,197.59584,39230,0.0,0.0,23.958695652173912,9.697826086956521
2016,5,2,NYC,1,0.72794396,146.04657,38839,2.0500000000000003,0.0,13.3,7.800000000000001
2016,5,2,NAS,4,0.28625593,200.47742,6433,1.1000000000000003,0.0,24.32,14.559999999999999
2016,5,3,NYC,1,0.71467704,145.99382,37219,19.35,0.0,12.200000000000001,10.0
2016,5,3,SFO,3,0.43107128,199.21605,34321,0.0,0.0,22.255999999999993,10.402000000000001
2016,5,3,NAS,4,0.28530806,199.46153,5788,14.325806451612905,0.0,18.76,11.240000000000002
2016,5,4,NYC,1,0.71124715,145.4141,37646,2.5500000000000003,0.0,11.700000000000001,9.4
2016,5,4,SFO,3,0.43107128,200.01526,39130,0.0584070796460177,0.0,20.875999999999994,11.277999999999999
2016,5,4,NAS,4,0.2872038,199.28723,5737,0.23214285714285715,0.0,20.1,7.24
2016,5,5,NYC,1,0.7158203,146.44632,39191,0.4,0.0,13.9,8.3
2016,5,5,SFO,3,0.4300754,200.59087,37203,0.10733944954128441,0.0,18.802,11.395999999999999
2016,5,5,NAS,4,0.28672987,207.63322,4485,4.067741935483871,0.0,18.46,6.460000000000001
2016,5,6,NYC,1,0.7119617,152.44554,35747,11.55,0.0,11.700000000000001,8.9
2016,5,6,SFO,3,0.42936406,205.55872,34666,0.8178861788617883,0.0,16.04693877551021,10.895918367346937
2016,5,6,NAS,4,0.2872038,228.34973,6210,0.0,0.0,18.14,7.340000000000001
2016,5,7,NYC,1,0.70612615,154.7434,27610,4.95,0.0,13.3,8.9
2016,5,7,SFO,3,0.42936406,204.05833,27410,1.761417322834647,0.0,15.297959183673472,10.995918367346935
2016,5,7,NAS,4,0.2872038,229.47473,4512,0.0,0.0,25.240000000000002,9.3
2016,5,8,NYC,1,0.6758765,149.49236,31059,1.8000000000000003,0.0,20.0,8.9
2016,5,8,SFO,3,0.42893726,198.25885,35553,3.5168000000000035,0.0,18.140816326530615,11.30204081632653
2016,5,8,NAS,4,0.28483412,209.96289,6158,0.0,0.0,29.420000000000005,14.1
2016,5,9,NYC,1,0.67208934,149.07874,39484,1.0,0.0,22.8,8.3
2016,5,9,SFO,3,0.42907953,197.99153,37474,0.039999999999999994,0.0,19.690000000000005,10.389999999999997
2016,5,9,NAS,4,0.28672987,202.74684,5777,0.0,0.0,27.32,17.44
2016,5,10,NYC,1,0.674233,148.58873,40136,0.0,0.0,16.1,8.9
2016,5,10,SFO,3,0.42936406,197.80205,36669,0.0071428571428571435,0.0,22.827083333333334,10.020833333333332
2016,5,10,NAS,4,0.28767774,202.23952,5703,4.428571428571428,0.0,26.439999999999998,18.44
2016,5,11,NYC,1,0.6838558,147.83342,38647,0.0,0.0,21.700000000000003,8.9
2016,5,11,SFO,3,0.43035993,198.61314,34485,0.012727272727272728,0.0,22.67346938775509,10.420408163265307
2016,5,11,NAS,4,0.30663508,199.88039,4578,29.789655172413788,0.0,29.54,18.000000000000004
2016,5,12,NYC,1,0.69693214,146.93814,36841,0.0,0.0,23.900000000000002,10.600000000000001
2016,5,12,SFO,3,0.4300754,198.38766,37743,0.0045871559633027525,0.0,22.122448979591834,10.218367346938773
2016,5,12,NAS,4,0.3165877,206.64355,5279,2.004,0.0,29.880000000000003,16.34
2016,5,13,NYC,1,0.7134623,152.16566,38474,6.4,0.0,18.3,11.100000000000001
2016,5,13,SFO,3,0.4300754,204.41039,37672,0.0,0.0,20.608,10.47
2016,5,13,NAS,4,0.31516588,225.6083,4542,7.562068965517242,0.0,26.76,12.760000000000002
2016,5,14,NYC,1,0.72715795,150.77145,29229,0.0,0.0,21.1,13.3
2016,5,14,SFO,3,0.43078673,205.94977,28128,0.02735849056603774,0.0,20.869999999999994,9.888
2016,5,14,NAS,4,0.29905212,226.86275,4197,0.011111111111111113,0.0,21.220000000000002,9.320000000000002
2016,5,15,NYC,1,0.7078887,145.83269,37034,0.4,0.0,15.600000000000001,8.3
2016,5,15,SFO,3,0.43035993,201.61163,33505,0.02735849056603773,0.0,22.300000000000004,10.873469387755103
2016,5,15,NAS,4,0.28151658,210.77704,5774,0.07142857142857142,0.0,18.119999999999997,4.540000000000001
2016,5,16,NYC,1,0.70522106,142.24733,38935,0.0,0.0,20.0,6.7
2016,5,16,SFO,3,0.42936406,200.28297,38643,0.0,0.0,25.066000000000003,10.717999999999995
2016,5,16,NAS,4,0.28530806,201.1817,5689,0.32222222222222224,0.0,20.34,6.44
2016,5,17,SFO,3,0.42879498,198.68045,38873,0.0,0.0,29.95714285714286,12.544897959183672
2016,5,17,NYC,1,0.7105802,139.72578,38721,0.0,0.0,17.8,11.700000000000001
2016,5,17,NAS,4,0.2829384,200.07072,5589,5.237931034482759,0.0,21.98,10.56
2016,5,18,NYC,1,0.7083413,139.76031,39935,0.26666666666666666,0.0,18.900000000000002,11.100000000000001
2016,5,18,SFO,3,0.42836818,198.13042,35127,0.0,0.0,29.889795918367344,12.963265306122448
2016,5,18,NAS,4,0.2829384,200.25314,5189,1.2642857142857145,0.0,20.78,10.78
2016,5,19,NYC,1,0.70319647,140.75363,41775,0.43333333333333335,0.0,17.8,11.700000000000001
2016,5,19,SFO,3,0.4277991,198.5905,37292,0.0,0.0,23.31020408163266,10.197959183673468
2016,5,19,NAS,4,0.2843602,206.10463,5394,0.019230769230769232,0.0,19.240000000000002,9.66
2016,5,20,NYC,1,0.7008622,147.37607,38967,0.0,0.0,23.900000000000002,9.4
2016,5,20,SFO,3,0.42808366,203.98483,39538,0.0,0.0,18.489583333333332,8.78085106382979
2016,5,20,NAS,4,0.28578198,225.51758,6168,6.153846153846154,0.0,22.440000000000005,12.14
2016,5,21,SFO,3,0.4273723,203.8087,27950,0.21509433962264152,0.0,17.659999999999997,9.113999999999999
2016,5,21,NYC,1,0.6896437,150.77782,27980,0.8333333333333334,0.0,16.7,10.0
2016,5,21,NAS,4,0.28483412,226.17097,4099,25.333333333333343,0.0,20.55,13.05
2016,5,22,NYC,1,0.6564167,149.09317,36279,3.6333333333333333,0.0,21.1,12.200000000000001
2016,5,22,SFO,3,0.4269455,199.285,36827,0.7709401709401706,0.0,18.706122448979595,8.102040816326532
2016,5,22,NAS,4,0.28151658,208.22493,5297,0.01153846153846154,0.0,24.05,10.575000000000001
2016,5,23,NYC,1,0.6415301,148.84439,39540,0.10000000000000002,0.0,21.1,11.100000000000001
2016,5,23,SFO,3,0.42580736,200.46754,37913,0.0,0.0,19.900000000000006,9.271428571428572
2016,5,23,NAS,4,0.2829384,201.10773,5545,0.0,0.0,27.22,10.88
2016,5,24,NYC,1,0.6352658,148.29903,37948,6.5,0.0,25.0,15.600000000000001
2016,5,24,SFO,3,0.42552283,198.65404,37375,0.0616822429906542,0.0,19.343999999999998,10.315999999999999
2016,5,24,NAS,4,0.28199053,199.29836,5106,0.06923076923076923,0.0,28.9,12.000000000000004
2016,5,25,NYC,1,0.6343369,148.67476,37002,1.3333333333333333,0.0,30.6,13.9
2016,5,25,SFO,3,0.42552283,198.71892,34509,0.08490566037735851,0.0,20.187755102040818,10.89387755102041
2016,5,25,NAS,4,0.28199053,199.49242,4487,0.2740740740740741,0.0,30.0,15.540000000000001
2016,5,26,NYC,1,0.63552785,149.72037,37816,0.0,0.0,28.900000000000002,16.7
2016,5,26,SFO,3,0.42466924,199.30045,37397,0.0028571428571428576,0.0,22.88163265306122,10.130612244897955
2016,5,26,NAS,4,0.28151658,206.94789,6127,10.396296296296294,0.0,30.46,17.220000000000002
2016,5,27,NYC,1,0.6303592,156.06514,38143,0.0,0.0,25.0,17.2
2016,5,27,SFO,3,0.42452696,204.62645,34858,0.0,0.0,26.373469387755105,10.29591836734694
2016,5,27,NAS,4,0.2834123,228.94048,5416,3.2043478260869565,0.0,31.479999999999997,17.46
2016,5,28,NYC,1,0.6299543,155.88814,25617,0.0,0.0,26.1,17.8
2016,5,28,SFO,3,0.42395788,204.56459,27959,0.0,0.0,28.736956521739124,13.036956521739128
2016,5,28,NAS,4,0.28199053,229.66798,4046,1.564,0.0,30.46,19.12
2016,5,29,NYC,1,0.6125905,151.88754,28427,0.15000000000000002,0.0,25.6,17.8
2016,5,29,SFO,3,0.42324656,199.36902,25434,0.0,0.0,26.279166666666665,11.985416666666667
2016,5,29,NAS,4,0.28199053,211.16832,3583,0.011111111111111113,0.0,29.725,17.8
2016,5,30,NYC,1,0.5971799,151.62648,35502,21.6,0.0,25.0,17.8
2016,5,30,SFO,3,0.42239293,198.62167,35445,0.0,0.0,27.94285714285715,11.861224489795921
2016,5,30,NAS,4,0.28151658,203.42744,4534,0.0,0.0,31.68,17.860000000000003
2016,5,31,NYC,1,0.595322,149.81665,38538,1.9000000000000001,0.0,26.1,18.900000000000002
2016,5,31,SFO,3,0.4222507,198.50233,36162,0.0,0.0,30.38723404255319,12.876595744680852
2016,5,31,NAS,4,0.27677724,200.53801,5354,0.0,0.0,31.68,17.86
2016,6,1,NYC,1,0.6086678,149.58826,39672,0.0,0.0,29.400000000000002,17.8
2016,6,1,SFO,3,0.5173659,198.78746,33635,0.0049504950495049506,0.0,27.91224489795918,12.285714285714286
2016,6,1,NAS,4,0.28104267,201.86882,5734,0.276,0.0,32.0,18.76
2016,6,2,NYC,1,0.75705886,153.3362,40867,0.0,0.0,22.200000000000003,16.1
2016,6,2,SFO,3,0.6997387,197.32143,36200,0.007692307692307693,0.0,29.54897959183674,12.263265306122452
2016,6,2,NAS,4,0.2791469,210.34122,5676,15.164285714285715,0.0,31.560000000000002,19.32
2016,6,3,NYC,1,0.74705577,160.14668,39377,0.15000000000000002,0.0,19.400000000000002,17.2
2016,6,3,SFO,3,0.69532305,209.79355,38393,0.0049504950495049506,0.0,33.63958333333333,14.43541666666667
2016,6,3,NAS,4,0.28199053,230.64621,3912,1.6615384615384616,0.0,30.439999999999998,18.96
2016,6,4,SFO,3,0.7007299,210.22162,27215,0.0,0.0,30.26041666666666,14.112500000000002
2016,6,4,NYC,1,0.73647517,161.35141,26976,0.65,0.0,25.6,17.2
2016,6,4,NAS,4,0.28104267,232.26697,4366,13.644827586206896,0.0,29.880000000000003,19.540000000000003
2016,6,5,SFO,3,0.7027124,206.46196,35625,0.0029702970297029708,0.0,28.9591836734694,12.1
2016,6,5,NYC,1,0.70867276,154.9382,33715,8.65,0.0,21.700000000000003,18.900000000000002
2016,6,5,NAS,4,0.27962086,218.66447,5824,10.924137931034485,0.0,28.875,18.75
2016,6,6,NYC,1,0.6984428,151.61665,39913,8.15,0.0,28.900000000000002,19.400000000000002
2016,6,6,SFO,3,0.71767145,203.33865,38869,0.02616822429906542,0.0,25.430612244897954,12.269387755102041
2016,6,6,NAS,4,0.30094787,216.1261,6491,0.040740740740740744,0.0,29.78,16.580000000000002
2016,6,7,NYC,1,0.69613284,150.24367,37797,0.0,0.0,28.900000000000002,18.900000000000002
2016,6,7,SFO,3,0.7229882,202.73488,36010,0.035849056603773584,0.0,24.02083333333334,13.127083333333333
2016,6,7,NAS,4,0.31800947,219.00835,6423,0.10370370370370371,0.0,29.32,16.54
2016,6,8,NYC,1,0.6941941,149.0288,39742,8.4,0.0,21.1,12.200000000000001
2016,6,8,SFO,3,0.7177616,201.85919,34763,0.02547169811320755,0.0,23.027083333333326,12.679166666666667
2016,6,8,NAS,4,0.37298578,234.54195,5042,0.0,0.0,28.439999999999998,13.320000000000002
2016,6,9,SFO,3,0.699198,203.14859,40194,0.010476190476190477,0.0,22.187755102040814,11.987234042553194
2016,6,9,NYC,1,0.6912035,149.02905,42816,8.0,0.0,23.3,12.8
2016,6,9,NAS,4,0.39478672,225.79248,7480,0.0,0.0,28.660000000000004,13.2
2016,6,10,NYC,1,0.6860679,155.3804,41084,0.0,0.0,26.1,15.0
2016,6,10,SFO,3,0.6937911,208.8193,39817,0.005882352941176471,0.0,22.70833333333334,11.23958333333333
2016,6,10,NAS,4,0.39478672,228.20517,6599,0.0,0.0,30.640000000000004,14.460000000000003
2016,6,11,NYC,1,0.6835516,155.71486,31129,0.0,0.0,30.6,14.4
2016,6,11,SFO,3,0.6954132,209.09557,33252,0.0,0.0,28.29583333333333,10.031250000000002
2016,6,11,NAS,4,0.39383885,228.37216,4331,0.0,0.0,33.440000000000005,16.88
2016,6,12,NYC,1,0.6649479,151.52594,37324,0.0,0.0,30.6,17.2
2016,6,12,SFO,3,0.6958637,205.60178,38651,0.0,0.0,26.080851063829787,11.95434782608696
2016,6,12,NAS,4,0.3886256,223.90465,8130,0.0,0.0,34.440000000000005,19.68
2016,6,13,NYC,1,0.66606164,150.0003,43858,0.0,0.0,25.0,14.4
2016,6,13,SFO,3,0.70091015,203.89575,38445,0.0,0.0,23.389583333333338,11.322448979591837
2016,6,13,NAS,4,0.30947867,222.1709,8612,1.4846153846153847,0.0,34.64,21.56
2016,6,14,NYC,1,0.6658554,149.44102,43524,0.0,0.0,27.8,15.600000000000001
2016,6,14,SFO,3,0.706317,205.53421,38232,0.0,0.0,21.579166666666666,10.322916666666666
2016,6,14,NAS,4,0.27725118,210.00722,7357,1.592307692307692,0.0,33.78,21.660000000000004
2016,6,15,NYC,1,0.6638754,149.36179,44502,0.0,0.0,28.3,16.7
2016,6,15,SFO,3,0.70956117,206.63109,39620,0.0,0.0,19.650000000000002,9.529166666666665
2016,6,15,NAS,4,0.2734597,208.73254,7899,10.678571428571434,0.0,32.660000000000004,21.02
2016,6,16,NYC,1,0.6626586,149.30496,41128,0.6,0.0,22.200000000000003,17.2
2016,6,16,SFO,3,0.70775884,209.44218,41583,0.14770642201834863,0.0,22.093750000000004,10.649999999999999
2016,6,16,NAS,4,0.27203792,211.80403,7115,7.480769230769232,0.0,33.980000000000004,19.42
2016,6,17,NYC,1,0.65700734,155.5154,42352,0.3333333333333333,0.0,25.0,15.0
2016,6,17,SFO,3,0.6885645,214.34085,41097,0.34245283018867934,0.0,21.76122448979592,12.977551020408162
2016,6,17,NAS,4,0.27251184,230.35179,7271,0.0,0.0,33.120000000000005,20.68
2016,6,18,NYC,1,0.6534392,155.93388,30618,0.0,0.0,25.6,15.600000000000001
2016,6,18,SFO,3,0.6679283,214.89417,36063,0.855045871559633,0.0,24.57083333333333,11.512500000000003
2016,6,18,NAS,4,0.27156398,230.7417,5874,0.0,0.0,30.560000000000002,20.32
2016,6,19,NYC,1,0.637228,151.67145,40094,0.0,0.0,27.200000000000003,17.2
2016,6,19,SFO,3,0.6481932,207.06609,40767,0.0,0.0,29.32916666666665,12.531914893617017
2016,6,19,NAS,4,0.26824644,212.22539,6587,0.9478260869565218,0.0,32.0,20.44
2016,6,20,NYC,1,0.6383624,150.20834,42912,0.0,0.0,24.400000000000002,17.2
2016,6,20,SFO,3,0.6436875,205.36748,45283,0.0,0.0,29.21914893617022,12.03043478260869
2016,6,20,NAS,4,0.27014217,204.57597,7411,0.0,0.0,31.9,20.340000000000003
2016,6,21,NYC,1,0.639373,149.25307,42646,0.0,0.0,31.1,21.1
2016,6,21,SFO,3,0.65305936,206.09377,42634,0.0,0.0,31.2530612244898,13.15102040816327
2016,6,21,NAS,4,0.2691943,203.50908,7668,0.012500000000000002,0.0,32.46000000000001,21.56
2016,6,22,NYC,1,0.63931113,148.54208,45032,0.0,0.0,33.300000000000004,19.400000000000002
2016,6,22,SFO,3,0.65990806,208.22417,42586,0.0,0.0,27.185106382978724,11.946808510638295
2016,6,22,NAS,4,0.26824644,203.52267,8547,0.5192307692307693,0.0,34.025,24.000000000000004
2016,6,23,SFO,3,0.66594577,207.95792,40876,0.0,0.0,27.214583333333337,11.260416666666663
2016,6,23,NYC,1,0.6427555,148.74493,40918,0.0,0.0,28.900000000000002,20.6
2016,6,23,NAS,4,0.2706161,209.0221,6994,0.012500000000000002,0.0,35.32,23.220000000000002
2016,6,24,NYC,1,0.6405074,154.3743,43037,0.0,0.0,29.400000000000002,20.0
2016,6,24,SFO,3,0.6745066,217.60216,42328,0.0048543689320388345,0.0,28.51041666666667,11.737499999999999
2016,6,24,NAS,4,0.2729858,228.64342,6819,37.09310344827587,0.0,34.56,20.48
2016,6,25,NYC,1,0.63584614,154.41997,32286,0.0,0.0,27.200000000000003,18.3
2016,6,25,SFO,3,0.6729747,217.73932,32528,0.0028571428571428576,0.0,31.146938775510215,13.669387755102042
2016,6,25,NAS,4,0.2706161,228.92462,5161,0.0,0.0,33.540000000000006,21.020000000000003
2016,6,26,NYC,1,0.6188718,150.27025,39275,0.0,0.0,26.700000000000003,18.900000000000002
2016,6,26,SFO,3,0.64612055,212.0792,39399,0.0,0.0,31.595918367346925,13.68571428571429
2016,6,26,NAS,4,0.26398104,210.77979,7170,0.012000000000000002,0.0,33.980000000000004,22.14
2016,6,27,NYC,1,0.6116737,150.02676,44600,1.1500000000000001,0.0,27.200000000000003,18.900000000000002
2016,6,27,SFO,3,0.6282779,208.53697,44340,0.0,0.0,31.979166666666668,14.062500000000002
2016,6,27,NAS,4,0.26113743,204.8095,7850,3.2260869565217387,0.0,32.775000000000006,22.224999999999998
2016,6,28,SFO,3,0.61791474,206.8941,42305,0.0,0.0,30.593750000000004,14.325000000000001
2016,6,28,NYC,1,0.60377437,150.64561,41241,3.6,0.0,24.400000000000002,21.1
2016,6,28,NAS,4,0.25687203,204.0644,7848,17.12592592592593,0.0,32.64,20.9
2016,6,29,NYC,1,0.59721565,151.18034,44238,1.1500000000000001,0.0,31.700000000000003,21.1
2016,6,29,SFO,3,0.6118771,206.29765,38046,0.0,0.0,26.52916666666667,12.172916666666664
2016,6,29,NAS,4,0.25402844,204.57306,7373,4.511111111111111,0.0,31.35,17.925
2016,6,30,NYC,1,0.58391255,152.40845,41874,0.0,0.0,29.400000000000002,21.1
2016,6,30,SFO,3,0.60223484,205.6348,40055,0.0,0.0,29.072916666666668,12.4625
2016,6,30,NAS,4,0.25165877,212.44205,7129,0.0,0.0,29.54,15.0
2016,7,1,NYC,1,0.5657007,160.11203,41287,5.7,0.0,26.700000000000003,20.0
2016,7,1,SFO,3,0.5951158,216.47696,39798,0.0,0.0,27.118749999999995,13.014583333333336
2016,7,1,NAS,4,0.25308058,228.57361,8446,0.1423076923076923,0.0,30.880000000000003,17.44
2016,7,2,NYC,1,0.62985694,160.90657,31334,10.600000000000001,0.0,27.200000000000003,20.6
2016,7,2,SFO,3,0.7345824,209.89363,29574,0.0029411764705882357,0.0,25.353191489361706,12.365957446808512
2016,7,2,NAS,4,0.25308058,229.17639,5222,0.46538461538461545,0.0,31.24,19.240000000000002
2016,7,3,NYC,1,0.68871117,154.63136,32903,0.0,0.0,27.200000000000003,19.400000000000002
2016,7,3,SFO,3,0.69299275,206.15544,29750,0.01142857142857143,0.0,25.518749999999997,11.837499999999997
2016,7,3,NAS,4,0.24976303,212.3525,5356,0.01153846153846154,0.0,31.9,20.9
2016,7,4,NYC,1,0.64888054,152.94041,36650,4.4,0.0,27.8,18.900000000000002
2016,7,4,SFO,3,0.668123,207.33746,34660,0.046078431372549015,0.0,24.64893617021277,11.855319148936168
2016,7,4,NAS,4,0.25023696,209.24905,5386,1.6,0.0,33.440000000000005,22.360000000000003
2016,7,5,NYC,1,0.63555974,150.43536,43872,17.933333333333334,0.0,32.2,22.200000000000003
2016,7,5,SFO,3,0.65451187,203.18823,37549,0.1175925925925926,0.0,23.102083333333336,11.56938775510204
2016,7,5,NAS,4,0.24597156,204.88373,6880,29.11612903225807,0.0,32.44,22.76
2016,7,6,NYC,1,0.63783634,149.1708,43823,0.0,0.0,31.1,22.200000000000003
2016,7,6,SFO,3,0.6611494,201.62013,37287,0.010784313725490198,0.0,22.72244897959184,11.24489795918367
2016,7,6,NAS,4,0.24597156,205.51288,7289,10.93103448275862,0.0,31.1,21.68
2016,7,7,NYC,1,0.6407714,149.30315,42697,0.6,0.0,31.1,23.900000000000002
2016,7,7,SFO,3,0.6666947,204.00177,41507,0.025242718446601944,0.0,22.491489361702126,11.193617021276594
2016,7,7,NAS,4,0.2450237,209.44507,6700,67.43666666666667,0.0,32.900000000000006,20.560000000000002
2016,7,8,NYC,1,0.63751644,154.9262,40287,0.25,0.0,30.6,20.0
2016,7,8,SFO,3,0.67266005,210.7731,39484,0.10740740740740741,0.0,25.024489795918367,11.777551020408163
2016,7,8,NAS,4,0.24549763,228.71106,6819,2.6999999999999997,0.0,33.540000000000006,21.02
2016,7,9,NYC,1,0.6363123,154.95013,34720,3.35,0.0,22.200000000000003,18.900000000000002
2016,7,9,SFO,3,0.67644095,210.54869,31370,0.07735849056603773,0.0,24.73125,12.887234042553192
2016,7,9,NAS,4,0.24360189,229.43672,5638,5.144827586206895,0.0,33.220000000000006,20.68
2016,7,10,NYC,1,0.6237629,149.11197,38774,2.15,0.0,28.900000000000002,20.0
2016,7,10,SFO,3,0.68030584,202.38107,39317,0.0028571428571428576,0.0,25.935416666666672,11.172340425531912
2016,7,10,NAS,4,0.2421801,210.90369,7807,0.125,0.0,32.0,21.14
2016,7,11,NYC,1,0.63029164,147.99364,41634,0.0,0.0,27.8,19.400000000000002
2016,7,11,SFO,3,0.6962695,202.00525,43168,0.0,0.0,27.412499999999994,12.237777777777776
2016,7,11,NAS,4,0.24265403,206.301,7149,0.06666666666666667,0.0,31.02,21.779999999999998
2016,7,12,SFO,3,0.70702404,201.97333,41110,0.0,0.0,26.299999999999997,11.808333333333332
2016,7,12,NYC,1,0.6337347,147.25238,40630,0.0,0.0,26.700000000000003,18.900000000000002
2016,7,12,NAS,4,0.2421801,205.15572,6102,0.7931034482758622,0.0,31.800000000000004,21.68
2016,7,13,SFO,3,0.70702404,202.08746,39712,0.0,0.0,31.11458333333334,12.889583333333334
2016,7,13,NYC,1,0.6350141,146.92004,39781,0.0,0.0,27.8,21.1
2016,7,13,NAS,4,0.2421801,205.49532,7666,0.5535714285714286,0.0,33.78,21.98
2016,7,14,NYC,1,0.63674504,147.11525,40182,2.466666666666667,0.0,29.400000000000002,23.3
2016,7,14,SFO,3,0.6961855,203.20769,42251,0.0,0.0,30.571428571428566,13.532653061224488
2016,7,14,NAS,4,0.2407583,208.90886,7401,0.3185185185185186,0.0,33.220000000000006,21.880000000000003
2016,7,15,NYC,1,0.63095015,152.8444,41070,4.566666666666667,0.0,33.300000000000004,25.0
2016,7,15,SFO,3,0.6822383,209.51772,42659,0.008571428571428572,0.0,28.083673469387758,12.469387755102042
2016,7,15,NAS,4,0.24028435,228.09045,8387,6.126666666666665,0.0,32.32000000000001,20.560000000000002
2016,7,16,NYC,1,0.6286171,153.58469,31467,0.9,0.0,31.1,23.3
2016,7,16,SFO,3,0.6701395,209.52878,32915,0.020792079207920793,0.0,25.55714285714286,12.375510204081635
2016,7,16,NAS,4,0.24028435,228.65689,5999,0.03076923076923077,0.0,32.0,21.32
2016,7,17,SFO,3,0.6571165,204.68512,39580,0.009900990099009901,0.0,24.228571428571424,11.360416666666671
2016,7,17,NYC,1,0.6149953,149.2208,39935,0.0,0.0,30.6,22.8
2016,7,17,NAS,4,0.24170616,210.52875,6449,0.16086956521739132,0.0,32.625,21.1
2016,7,18,NYC,1,0.6189464,147.6917,40920,2.3000000000000003,0.0,32.800000000000004,23.3
2016,7,18,SFO,3,0.6646782,202.14107,39061,0.031428571428571424,0.0,22.930612244897958,11.783333333333337
2016,7,18,NAS,4,0.2421801,206.45404,8253,0.0,0.0,34.44,21.68
2016,7,19,NYC,1,0.6209031,147.0074,43007,5.45,0.0,30.0,23.3
2016,7,19,SFO,3,0.6672828,201.35126,41448,0.019230769230769232,0.0,23.87346938775509,11.053061224489793
2016,7,19,NAS,4,0.24170616,205.4375,7260,0.0,0.0,34.575,23.560000000000002
2016,7,20,NYC,1,0.6213735,146.49141,42090,0.0,0.0,27.200000000000003,20.0
2016,7,20,SFO,3,0.6693833,201.69885,39089,0.002884615384615385,0.0,26.062499999999996,11.068085106382979
2016,7,20,NAS,4,0.2407583,205.76529,6495,5.419230769230769,0.0,34.440000000000005,22.220000000000002
2016,7,21,NYC,1,0.62316084,146.87329,42780,0.0,0.0,29.400000000000002,21.1
2016,7,21,SFO,3,0.6612334,202.56647,38047,0.0,0.0,25.629166666666677,11.189583333333333
2016,7,21,NAS,4,0.23933649,207.33272,5177,0.8320000000000001,0.0,34.540000000000006,21.92
2016,7,22,NYC,1,0.6163876,152.54706,42436,0.0,0.0,32.2,22.8
2016,7,22,SFO,3,0.6588809,209.84753,38676,0.0029702970297029708,0.0,29.07446808510639,11.561702127659576
2016,7,22,NAS,4,0.23838863,228.4499,5535,0.012000000000000002,0.0,34.540000000000006,22.9
2016,7,23,NYC,1,0.6131138,152.7301,33558,0.0,0.0,36.7,25.0
2016,7,23,SFO,3,0.6590489,209.33908,29131,0.0,0.0,31.52448979591836,14.040816326530608
2016,7,23,NAS,4,0.23649289,228.49783,4662,2.754166666666667,0.0,34.08,23.220000000000002
2016,7,24,NYC,1,0.6029351,148.75378,38096,0.0,0.0,32.2,22.8
2016,7,24,SFO,3,0.6529995,204.17725,37241,0.0029126213592233015,0.0,30.933333333333323,13.353061224489794
2016,7,24,NAS,4,0.2379147,210.07463,6265,4.191304347826088,0.0,34.85,22.375
2016,7,25,NYC,1,0.6047977,147.70164,38902,62.7,0.0,30.6,23.3
2016,7,25,SFO,3,0.65199125,202.4983,40028,0.0,0.0,29.471428571428564,12.55714285714286
2016,7,25,NAS,4,0.24360189,204.96805,7882,0.42500000000000004,0.0,34.56,22.880000000000003
2016,7,26,NYC,1,0.60507995,147.65903,40390,0.0,0.0,33.9,23.3
2016,7,26,SFO,3,0.650899,202.65631,37211,0.005882352941176471,0.0,33.39795918367347,14.130612244897959
2016,7,26,NAS,4,0.26255924,201.06941,7772,2.76,0.0,34.120000000000005,23.119999999999997
2016,7,27,NYC,1,0.60176855,147.88992,43008,0.0,0.0,31.1,23.900000000000002
2016,7,27,SFO,3,0.6564443,201.2245,39180,0.0,0.0,33.01458333333334,15.147916666666672
2016,7,27,NAS,4,0.30995262,197.38393,7714,3.6919999999999993,0.0,34.56,23.1
2016,7,28,NYC,1,0.5980809,148.56816,40793,0.0,0.0,31.1,23.3
2016,7,28,SFO,3,0.6645102,201.72728,42672,0.0028301886792452833,0.0,30.732653061224482,13.86938775510204
2016,7,28,NAS,4,0.31800947,197.72272,6705,12.496153846153849,0.0,31.9,23.560000000000002
2016,7,29,NYC,1,0.5919473,153.641,39503,19.46666666666667,0.0,30.0,21.1
2016,7,29,SFO,3,0.66879517,209.59438,39925,0.0029411764705882357,0.0,30.663829787234032,14.02127659574468
2016,7,29,NAS,4,0.31753555,211.49097,6004,21.446428571428577,0.0,30.020000000000003,22.880000000000003
2016,7,30,NYC,1,0.58795863,153.90607,28414,5.75,0.0,29.400000000000002,22.8
2016,7,30,SFO,3,0.6693833,208.93546,31020,0.0029411764705882357,0.0,28.267346938775518,12.722448979591837
2016,7,30,NAS,4,0.31469193,211.35962,4585,7.796296296296298,0.0,30.680000000000007,22.46
2016,7,31,NAS,4,0.2507109,207.33966,7070,1.1846153846153848,0.0,31.78,22.34
2016,7,31,SFO,3,0.6448496,202.1902,36100,0.024761904761904763,0.0,26.102127659574478,12.500000000000002
2016,7,31,NYC,1,0.5810536,149.1905,35244,8.75,0.0,26.700000000000003,22.8
2016,8,1,NYC,1,0.5894073,148.70801,41611,0.0,0.0,25.6,21.1
2016,8,1,NAS,4,0.23270142,205.09512,7741,1.2200000000000002,0.0,33.459999999999994,22.560000000000002
2016,8,1,SFO,3,0.6361956,203.28914,42468,0.0030303030303030307,0.0,26.353333333333346,12.606666666666666
2016,8,2,NYC,1,0.59495765,148.55737,40227,0.0,0.0,26.1,19.400000000000002
2016,8,2,SFO,3,0.637792,203.52122,42957,0.010476190476190477,0.0,27.272340425531908,12.491666666666667
2016,8,2,NAS,4,0.23222749,204.59198,6948,1.5307692307692309,0.0,33.56000000000001,22.66
2016,8,3,NYC,1,0.59533393,148.42487,42650,0.0,0.0,26.1,17.8
2016,8,3,SFO,3,0.6405646,203.65334,40839,0.0,0.0,27.479166666666668,12.170833333333334
2016,8,3,NAS,4,0.23175356,204.81369,7863,0.7571428571428571,0.0,32.9,22.68
2016,8,4,NYC,1,0.592286,148.872,40389,0.0,0.0,26.700000000000003,17.8
2016,8,4,SFO,3,0.6711477,209.42973,41999,0.011881188118811883,0.0,23.46170212765958,11.31914893617021
2016,8,4,NAS,4,0.22985782,206.00923,7857,1.0285714285714287,0.0,33.10000000000001,22.14
2016,8,5,NYC,1,0.5825588,154.15991,44738,0.0,0.0,27.200000000000003,20.0
2016,8,5,SFO,3,0.6944211,217.75887,43987,0.1923809523809524,0.0,23.070833333333336,11.739583333333337
2016,8,5,NAS,4,0.22748815,225.7595,7065,0.9275862068965517,0.0,33.46,21.880000000000003
2016,8,6,SFO,3,0.6934969,217.28563,33745,0.014000000000000002,0.0,23.608510638297865,11.602127659574467
2016,8,6,NYC,1,0.5780433,154.16869,33836,1.5333333333333334,0.0,28.900000000000002,23.3
2016,8,6,NAS,4,0.22654028,226.45589,5944,13.719230769230771,0.0,33.78000000000001,22.119999999999997
2016,8,7,NYC,1,0.5688053,150.37892,40421,0.5333333333333333,0.0,31.700000000000003,20.0
2016,8,7,SFO,3,0.66862714,210.92596,41411,0.00816326530612245,0.0,25.604081632653063,10.659574468085102
2016,8,7,NAS,4,0.22369668,207.54213,5044,15.711538461538462,0.0,32.660000000000004,22.78
2016,8,8,NYC,1,0.5728881,149.65103,44341,0.0,0.0,28.900000000000002,22.8
2016,8,8,SFO,3,0.62342465,206.1158,39070,0.0,0.0,27.57777777777778,12.064444444444444
2016,8,8,NAS,4,0.22369668,205.38156,5188,0.019230769230769232,0.0,32.42,21.8
2016,8,9,NYC,1,0.5724741,149.61876,42100,0.0,0.0,30.0,21.700000000000003
2016,8,9,SFO,3,0.616283,204.60938,38406,0.0031250000000000006,0.0,27.87173913043479,12.189130434782612
2016,8,9,NAS,4,0.22274882,203.90793,4130,1.5777777777777777,0.0,33.00000000000001,22.68
2016,8,10,NYC,1,0.5708561,149.45364,39652,0.6,0.0,28.900000000000002,23.3
2016,8,10,SFO,3,0.61477065,203.94417,38254,0.0060606060606060615,0.0,26.640425531914897,12.378723404255318
2016,8,10,NAS,4,0.22322275,203.78706,6811,4.896296296296297,0.0,33.10000000000001,23.42
2016,8,11,SFO,3,0.61661905,204.66623,42536,0.016,0.0,26.973913043478266,12.556521739130433
2016,8,11,NYC,1,0.56624645,149.64787,42671,2.6333333333333333,0.0,33.300000000000004,25.6
2016,8,11,NAS,4,0.22227488,205.51189,7155,0.017857142857142856,0.0,32.46,23.740000000000002
2016,8,12,SFO,3,0.6213241,209.39783,40523,0.019191919191919194,0.0,28.15625,12.719148936170214
2016,8,12,NYC,1,0.5582314,154.76158,37566,1.3000000000000003,0.0,32.2,25.0
2016,8,12,NAS,4,0.22085308,225.15816,5981,0.10714285714285714,0.0,32.46,23.64
2016,8,13,NYC,1,0.55324554,155.15948,32505,0.0,0.0,32.800000000000004,26.700000000000003
2016,8,13,SFO,3,0.6167031,209.21065,30857,0.0,0.0,30.10217391304348,13.162222222222221
2016,8,13,NAS,4,0.22037914,225.05836,3674,0.07407407407407407,0.0,32.12,23.12
2016,8,14,NYC,1,0.54547507,151.1325,38443,0.15000000000000002,0.0,35.0,27.8
2016,8,14,SFO,3,0.60233575,205.20747,39128,0.0,0.0,29.853333333333335,12.940000000000001
2016,8,14,NAS,4,0.21943128,206.88707,6060,2.381481481481481,0.0,32.120000000000005,21.580000000000002
2016,8,15,NYC,1,0.547714,150.09839,41884,0.0,0.0,31.1,25.6
2016,8,15,SFO,3,0.6014115,202.49474,41718,0.018811881188118815,0.0,27.076086956521728,11.991304347826087
2016,8,15,NAS,4,0.21990521,204.67923,6159,1.4357142857142857,0.0,33.120000000000005,22.1
2016,8,16,SFO,3,0.599143,202.7051,40763,0.030476190476190476,0.0,27.170833333333324,12.152083333333335
2016,8,16,NYC,1,0.54901224,150.23058,43954,0.0,0.0,30.6,25.0
2016,8,16,NAS,4,0.21943128,203.46327,6706,1.2714285714285711,0.0,32.44,22.44
2016,8,17,NYC,1,0.5504045,150.04884,46731,1.3,0.0,30.6,25.0
2016,8,17,SFO,3,0.60241973,202.85715,39220,0.011650485436893206,0.0,28.402173913043484,13.060869565217393
2016,8,17,NAS,4,0.21895735,203.68446,6600,1.7185185185185188,0.0,31.220000000000006,22.759999999999998
2016,8,18,NYC,1,0.54827845,150.10405,44924,0.4,0.0,29.400000000000002,23.3
2016,8,18,SFO,3,0.5974626,202.12398,38858,0.023300970873786412,0.0,27.51702127659575,13.702127659574472
2016,8,18,NAS,4,0.21800947,205.3806,5830,2.4296296296296296,0.0,29.580000000000002,23.12
2016,8,19,NYC,1,0.54231423,154.78801,43474,0.0,0.0,30.6,24.400000000000002
2016,8,19,SFO,3,0.5924214,206.58916,39432,0.008823529411764707,0.0,26.132608695652173,13.619565217391305
2016,8,19,NAS,4,0.21658768,225.0859,5415,3.207999999999999,0.0,27.225,22.775
2016,8,20,NYC,1,0.5374036,154.79623,32820,0.4,0.0,30.6,23.3
2016,8,20,SFO,3,0.5847757,207.90308,31882,0.0,0.0,25.623913043478268,13.510638297872338
2016,8,20,NAS,4,0.21658768,225.04175,3945,17.12,0.0,27.660000000000004,22.119999999999997
2016,8,21,NYC,1,0.53053623,151.07358,39060,3.366666666666667,0.0,28.900000000000002,24.400000000000002
2016,8,21,SFO,3,0.5736851,203.6088,38310,0.0077669902912621365,0.0,25.27291666666667,13.300000000000002
2016,8,21,NAS,4,0.21611375,206.46857,5940,38.349999999999994,0.0,28.76,20.119999999999997
2016,8,22,SFO,3,0.5711645,203.15184,41273,0.012264150943396227,0.0,25.0625,12.827083333333336
2016,8,22,NYC,1,0.5351082,150.52896,44679,3.4000000000000004,0.0,27.200000000000003,20.0
2016,8,22,NAS,4,0.21800947,204.26848,6458,1.9407407407407409,0.0,28.1,16.240000000000002
2016,8,23,NYC,1,0.5380245,150.4837,42651,0.0,0.0,26.1,17.8
2016,8,23,SFO,3,0.56965214,202.84518,40138,0.04519230769230769,0.0,24.78000000000001,13.01
2016,8,23,NAS,4,0.21658768,203.0496,6330,0.8962962962962964,0.0,28.560000000000002,16.36
2016,8,24,NYC,1,0.5372531,150.45241,45635,0.0,0.0,29.400000000000002,19.400000000000002
2016,8,24,SFO,3,0.56914806,202.00722,41015,0.05392156862745097,0.0,24.937499999999996,12.793750000000003
2016,8,24,NAS,4,0.21658768,203.14761,5689,0.011111111111111113,0.0,31.650000000000006,19.325000000000003
2016,8,25,NYC,1,0.5368015,150.58553,44325,0.0,0.0,27.200000000000003,21.1
2016,8,25,SFO,3,0.5715846,203.51343,41878,0.020952380952380955,0.0,24.559574468085106,12.02127659574468
2016,8,25,NAS,4,0.21516588,204.70108,5778,0.5384615384615384,0.0,33.300000000000004,22.1
2016,8,26,SFO,3,0.5672156,209.21025,39159,0.0,0.0,23.780434782608697,12.793617021276594
2016,8,26,NYC,1,0.5323048,155.55905,45029,0.0,0.0,33.300000000000004,22.8
2016,8,26,NAS,4,0.214218,224.27382,5828,1.2185185185185188,0.0,34.2,23.0
2016,8,27,NYC,1,0.53238004,155.94435,28726,0.0,0.0,30.6,23.3
2016,8,27,SFO,3,0.5576374,208.51756,30150,0.0,0.0,23.09333333333333,13.47608695652174
2016,8,27,NAS,4,0.21516588,223.71317,3843,5.507407407407408,0.0,34.725,21.8
2016,8,28,NYC,1,0.52993417,151.4061,35695,0.0,0.0,28.3,22.8
2016,8,28,SFO,3,0.54805917,203.3324,37827,0.0,0.0,24.736170212765966,12.576595744680851
2016,8,28,NAS,4,0.21658768,205.52692,5144,20.778571428571432,0.0,34.475,21.400000000000002
2016,8,29,NYC,1,0.53160864,150.53284,40695,0.0,0.0,34.4,22.200000000000003
2016,8,29,SFO,3,0.5425979,201.57587,44135,0.005555555555555557,0.0,25.250000000000004,11.761224489795921
2016,8,29,NAS,4,0.21658768,203.67453,6490,0.4000000000000001,0.0,34.10000000000001,21.240000000000002
2016,8,30,NYC,1,0.53083724,150.26828,39998,0.0,0.0,27.8,21.700000000000003
2016,8,30,SFO,3,0.54511845,202.30698,42934,0.0,0.0,27.18333333333334,13.116326530612248
2016,8,30,NAS,4,0.21658768,202.76709,5358,0.16153846153846155,0.0,33.760000000000005,21.9
2016,8,31,NYC,1,0.53634995,150.12494,43826,0.0,0.0,29.400000000000002,22.8
2016,8,31,SFO,3,0.5437741,200.98012,41024,0.0,0.0,25.927659574468084,12.704255319148935
2016,8,31,NAS,4,0.21563981,203.0846,5324,0.05,0.0,34.10000000000001,22.240000000000002
2016,9,1,NYC,1,0.5489181,151.36884,39966,5.0,0.0,26.1,21.700000000000003
2016,9,1,SFO,3,0.54688287,202.34192,37252,0.019811320754716984,0.0,24.535416666666674,12.46875
2016,9,1,NAS,4,0.21706161,204.55327,6466,0.0,0.0,32.660000000000004,20.9
2016,9,2,NYC,1,0.5513452,156.15486,42210,9.833333333333334,0.0,26.700000000000003,19.400000000000002
2016,9,2,SFO,3,0.54831123,208.78311,42289,0.002884615384615385,0.0,26.497872340425523,12.046808510638296
2016,9,2,NAS,4,0.21611375,224.35732,8591,0.011111111111111113,0.0,29.76,16.9
2016,9,3,NYC,1,0.55493885,155.84143,25102,0.0,0.0,25.0,20.0
2016,9,3,SFO,3,0.55032766,209.37817,27308,0.0,0.0,23.75869565217392,11.580434782608696
2016,9,3,NAS,4,0.214218,222.95778,3184,0.0,0.0,29.220000000000006,16.66
2016,9,4,NYC,1,0.5482596,151.57576,26865,0.0,0.0,26.700000000000003,18.3
2016,9,4,SFO,3,0.543018,203.96745,28713,0.0,0.0,23.795744680851065,10.280851063829784
2016,9,4,NAS,4,0.21042654,205.82773,2751,0.0,0.0,31.0,17.68
2016,9,5,NYC,1,0.547921,151.071,34190,0.0,0.0,28.900000000000002,18.3
2016,9,5,SFO,3,0.5378928,203.34636,39844,0.0,0.0,26.50666666666666,10.644444444444447
2016,9,5,NAS,4,0.20900474,204.47154,4970,0.0,0.0,33.00000000000001,19.220000000000002
2016,9,6,NYC,1,0.55531514,149.34322,40059,1.366666666666667,0.0,25.6,21.1
2016,9,6,SFO,3,0.53772473,201.11978,38617,0.002884615384615385,0.0,29.985106382978728,11.878723404255323
2016,9,6,NAS,4,0.54579026,186.76422,5485,0.0,0.0,33.42,19.080000000000005
2016,9,7,NYC,1,0.55952966,148.7312,38658,1.0999999999999999,0.0,30.0,21.1
2016,9,7,SFO,3,0.53990924,201.22552,38655,0.0,0.0,32.49574468085106,14.134042553191488
2016,9,7,NAS,4,0.4613491,186.29662,5188,0.010714285714285716,0.0,33.980000000000004,19.42
2016,9,8,NYC,1,0.5626152,148.17004,39744,0.0,0.0,27.8,21.1
2016,9,8,SFO,3,0.5421778,201.82823,35682,0.012745098039215686,0.0,27.521276595744684,12.980851063829785
2016,9,8,NAS,4,0.51083213,191.92099,4624,0.0,0.0,33.980000000000004,19.68
2016,9,9,NYC,1,0.5616933,152.80379,35489,0.0,0.0,32.800000000000004,25.0
2016,9,9,SFO,3,0.54074943,208.03018,38875,0.0,0.0,26.13695652173913,12.52826086956522
2016,9,9,NAS,4,0.61915314,212.09761,5524,0.0,0.0,33.660000000000004,20.119999999999997
2016,9,10,NYC,1,0.56178737,153.10498,25932,0.0,0.0,30.0,23.900000000000002
2016,9,10,SFO,3,0.54369015,207.23955,30267,0.0030612244897959186,0.0,25.619565217391305,12.195652173913047
2016,9,10,NAS,4,0.6393402,215.43823,5158,1.6153846153846154,0.0,33.78,19.78
2016,9,11,NYC,1,0.55712134,148.94638,36403,0.0,0.0,29.400000000000002,20.0
2016,9,11,SFO,3,0.54209375,202.11523,39580,0.0077669902912621365,0.0,22.397777777777783,12.033333333333333
2016,9,11,NAS,4,0.49753815,201.99413,5313,12.296428571428573,0.0,31.78000000000001,16.020000000000003
2016,9,12,NYC,1,0.55892754,148.44806,40827,0.0,0.0,25.0,15.600000000000001
2016,9,12,SFO,3,0.5427659,201.37376,40394,0.036792452830188685,0.0,20.140425531914893,10.6531914893617
2016,9,12,NAS,4,0.4160512,188.99283,5559,0.0,0.0,29.575,13.475000000000001
2016,9,13,NYC,1,0.55890876,148.21101,36665,0.0,0.0,25.6,17.2
2016,9,13,SFO,3,0.5427659,200.62808,36769,0.002884615384615385,0.0,22.353191489361706,10.262500000000001
2016,9,13,NAS,4,0.40965042,186.26689,4792,0.0,0.0,31.0,14.9
2016,9,14,SFO,3,0.5448664,200.17409,37592,0.0,0.0,24.533333333333335,10.404166666666674
2016,9,14,NYC,1,0.55981183,147.6943,38961,3.6333333333333333,0.0,28.3,20.0
2016,9,14,NAS,4,0.44756278,187.04501,5359,0.08214285714285714,0.0,32.900000000000006,17.660000000000004
2016,9,15,NYC,1,0.5596049,146.98697,39792,5.766666666666667,0.0,23.900000000000002,16.7
2016,9,15,SFO,3,0.5520921,200.16226,39490,0.0,0.0,25.225531914893615,10.995744680851063
2016,9,15,NAS,4,0.5201871,190.37096,5484,0.5666666666666668,0.0,33.2,19.78
2016,9,16,NYC,1,0.55586076,151.175,40158,0.0,0.0,23.3,13.3
2016,9,16,SFO,3,0.55419254,206.64626,36817,0.0,0.0,26.96739130434783,11.173913043478262
2016,9,16,NAS,4,0.627031,211.84093,6005,0.0,0.0,33.325,20.125
2016,9,17,NYC,1,0.555635,151.37671,27937,0.0,0.0,23.900000000000002,13.3
2016,9,17,SFO,3,0.5612502,205.47453,26677,0.0,0.0,29.615217391304352,12.02826086956522
2016,9,17,NAS,4,0.62924665,215.20917,4576,4.188,0.0,30.660000000000004,20.34
2016,9,18,NYC,1,0.5511571,147.6657,36247,0.0,0.0,26.700000000000003,20.6
2016,9,18,SFO,3,0.5576374,203.3601,31754,0.0,0.0,33.936956521739134,14.456521739130432
2016,9,18,NAS,4,0.48325947,203.47452,5531,21.596153846153847,0.0,27.46,21.12
2016,9,19,NYC,1,0.55228597,147.29295,38740,13.700000000000001,0.0,23.3,21.1
2016,9,19,SFO,3,0.5524282,203.30374,37260,0.0,0.0,34.08085106382979,15.63617021276596
2016,9,19,NAS,4,0.4239291,192.14957,5373,0.03461538461538462,0.0,30.24,19.44
2016,9,20,NYC,1,0.55017877,147.25029,39287,7.0,0.0,27.8,20.6
2016,9,20,SFO,3,0.5494875,203.00896,32083,0.0,0.0,29.58541666666666,12.958333333333334
2016,9,20,NAS,4,0.42959133,192.47475,5597,0.0,0.0,31.020000000000003,16.66
2016,9,21,NYC,1,0.5492568,146.78845,37909,0.0,0.0,29.400000000000002,18.3
2016,9,21,SFO,3,0.54772305,202.7622,36113,0.0,0.0,24.102127659574457,11.285106382978723
2016,9,21,NAS,4,0.47464302,194.75305,6255,0.30400000000000005,0.0,31.24,16.66
2016,9,22,NYC,1,0.54735655,146.34982,40395,0.0,0.0,28.3,16.7
2016,9,22,SFO,3,0.5444463,201.20786,38301,0.0,0.0,22.310638297872345,10.293617021276594
2016,9,22,NAS,4,0.58296406,198.66116,6248,0.0,0.0,32.0,17.34
2016,9,23,NYC,1,0.5429539,150.54578,39832,0.0,0.0,26.1,16.1
2016,9,23,SFO,3,0.5404974,205.9062,39284,0.0029411764705882357,0.0,25.153061224489797,9.877551020408166
2016,9,23,NAS,4,0.6974397,215.14401,6250,0.0,0.0,32.88,15.540000000000003
2016,9,24,NYC,1,0.5378175,150.43663,28443,7.25,0.0,22.200000000000003,14.4
2016,9,24,SFO,3,0.5310032,204.9511,28464,0.0,0.0,29.381249999999994,12.620833333333332
2016,9,24,NAS,4,0.69916296,217.1252,4561,0.017857142857142856,0.0,32.78000000000001,18.220000000000002
2016,9,25,NYC,1,0.5307056,146.96404,35572,0.0,0.0,21.1,11.700000000000001
2016,9,25,SFO,3,0.52083683,200.09627,34761,0.0,0.0,34.00416666666666,15.28125
2016,9,25,NAS,4,0.49729198,201.7566,5618,0.0,0.0,33.00000000000001,17.880000000000003
2016,9,26,NYC,1,0.5292192,146.62941,39426,0.0,0.0,22.200000000000003,10.600000000000001
2016,9,26,SFO,3,0.5115947,198.3893,39522,0.0,0.0,35.827659574468086,16.87872340425532
2016,9,26,NAS,4,0.39537174,189.46906,7474,0.16666666666666666,0.0,30.1,15.9
2016,9,27,NYC,1,0.5268109,146.61821,41401,5.6000000000000005,0.0,23.900000000000002,16.1
2016,9,27,SFO,3,0.50857,198.38417,38518,0.0,0.0,34.122000000000014,15.258000000000003
2016,9,27,NAS,4,0.37567702,186.24527,5384,3.2896551724137924,0.0,25.240000000000002,11.34
2016,9,28,SFO,3,0.50814986,198.34644,37877,0.0047169811320754715,0.0,27.837499999999995,12.029166666666663
2016,9,28,NYC,1,0.5247789,146.42805,39090,0.0,0.0,21.1,15.0
2016,9,28,NAS,4,0.38453963,185.1572,5713,0.03571428571428571,0.0,26.68,9.66
2016,9,29,SFO,3,0.5126029,198.44682,38574,0.0028301886792452833,0.0,23.340816326530614,11.222448979591837
2016,9,29,NYC,1,0.52342427,146.26009,36771,0.16666666666666666,0.0,17.8,15.0
2016,9,29,NAS,4,0.4763663,186.41467,6350,0.813793103448276,0.0,24.76,9.32
2016,9,30,NYC,1,0.5390969,151.1512,34543,3.066666666666667,0.0,16.7,15.0
2016,9,30,SFO,3,0.5781381,209.0261,38056,0.0,0.0,20.667391304347824,10.235555555555557
2016,9,30,NAS,4,0.6164451,197.42812,6545,0.7148148148148148,0.0,18.98,10.08
2016,10,1,NYC,1,0.774109,156.66661,25325,5.500000000000001,0.0,17.2,14.4
2016,10,1,SFO,3,0.5879684,208.57341,28109,0.016981132075471698,0.0,22.20851063829787,9.270212765957448
2016,10,1,NAS,4,0.7473299,195.07005,4134,3.5857142857142845,0.0,21.1,12.440000000000001
2016,10,2,NYC,1,0.7248428,152.046,34376,0.10000000000000002,0.0,18.3,14.4
2016,10,2,SFO,3,0.59065706,204.12233,35577,0.3109090909090909,0.0,20.29148936170213,9.55531914893617
2016,10,2,NAS,4,0.5736955,204.39156,5030,0.01153846153846154,0.0,23.750000000000004,14.175
2016,10,3,SFO,3,0.6214922,201.37958,38600,1.2048780487804884,0.0,17.52708333333333,9.004166666666666
2016,10,3,NYC,1,0.7047956,151.20778,40415,0.0,0.0,22.8,16.1
2016,10,3,NAS,4,0.4244736,188.30699,6651,0.0,0.0,25.000000000000004,14.460000000000003
2016,10,4,NYC,1,0.7011432,149.86705,36479,0.0,0.0,21.1,13.9
2016,10,4,SFO,3,0.6240968,202.09097,38678,1.2039370078740157,0.0,20.51632653061224,10.46938775510204
2016,10,4,NAS,4,0.38632897,187.57036,6173,0.0,0.0,27.68,12.559999999999999
2016,10,5,NYC,1,0.7069575,148.1556,39659,0.0,0.0,20.6,10.600000000000001
2016,10,5,SFO,3,0.6243488,201.5482,40043,0.030909090909090914,0.0,22.46458333333334,9.008333333333333
2016,10,5,NAS,4,0.4095209,186.9478,5768,0.0,0.0,30.68,14.219999999999999
2016,10,6,NYC,1,0.7189465,147.94435,38059,0.0,0.0,21.700000000000003,11.100000000000001
2016,10,6,SFO,3,0.62166023,201.64401,37349,0.0,0.0,24.849999999999998,9.935416666666663
2016,10,6,NAS,4,0.5209033,193.41911,6282,0.043333333333333335,0.0,30.540000000000003,14.680000000000001
2016,10,7,NYC,1,0.7334578,152.7185,39277,0.0,0.0,22.8,11.100000000000001
2016,10,7,SFO,3,0.5833473,211.52188,41476,0.0,0.0,28.399999999999995,10.939583333333337
2016,10,7,NAS,4,0.66707355,202.04399,5295,0.010344827586206898,0.0,30.560000000000002,13.74
2016,10,8,NYC,1,0.736193,153.72751,25740,6.2,0.0,21.700000000000003,12.8
2016,10,8,SFO,3,0.5671316,210.3651,24804,0.0,0.0,30.28333333333333,13.045833333333333
2016,10,8,NAS,4,0.6859933,196.64334,3518,0.0,0.0,27.68,11.540000000000003
2016,10,9,NYC,1,0.7067119,150.58334,33337,22.450000000000003,0.0,18.900000000000002,11.700000000000001
2016,10,9,SFO,3,0.55814147,203.60715,38973,0.0,0.0,29.670212765957448,12.276595744680854
2016,10,9,NAS,4,0.5321941,193.17091,5527,0.0,0.0,23.76,8.22
2016,10,10,NYC,1,0.680834,149.3415,38475,6.3500000000000005,0.0,17.8,8.3
2016,10,10,SFO,3,0.55293226,200.30727,38448,0.0,0.0,24.64,9.880000000000003
2016,10,10,NAS,4,0.41379312,185.15825,6663,0.0,0.0,24.320000000000004,7.660000000000001
2016,10,11,NYC,1,0.6721862,148.84102,36976,0.0,0.0,17.2,7.2
2016,10,11,SFO,3,0.55091584,199.71487,36736,0.0,0.0,21.860869565217396,10.454347826086956
2016,10,11,NAS,4,0.3945682,186.1497,6555,0.0,0.0,25.880000000000003,8.760000000000002
2016,10,12,NYC,1,0.6715311,147.80104,37863,0.0,0.0,18.900000000000002,9.4
2016,10,12,SFO,3,0.5491514,199.28122,39520,0.023809523809523808,0.0,21.03061224489797,9.506122448979589
2016,10,12,NAS,4,0.42477876,187.3793,6280,0.0,0.0,26.8,9.900000000000002
2016,10,13,NYC,1,0.6769687,147.23495,39784,0.10000000000000002,0.0,21.1,10.0
2016,10,13,SFO,3,0.54990757,200.04591,38338,0.024528301886792458,0.0,21.075510204081628,9.783673469387757
2016,10,13,NAS,4,0.55111384,188.98369,5318,0.0,0.0,24.779999999999998,12.120000000000001
2016,10,14,NYC,1,0.6801952,151.82224,38398,0.10000000000000002,0.0,17.2,8.3
2016,10,14,SFO,3,0.5490674,206.15633,35319,8.8608,0.0,18.461224489795914,13.222448979591833
2016,10,14,NAS,4,0.72474825,186.92793,5795,0.0793103448275862,0.0,21.46,14.440000000000001
2016,10,15,NYC,1,0.6793436,151.22969,27014,0.0,0.0,17.8,7.2
2016,10,15,SFO,3,0.5482272,205.94086,26315,10.63283582089552,0.0,18.48775510204081,11.816326530612248
2016,10,15,NAS,4,0.7577052,180.88791,4044,1.571428571428571,0.0,23.78,15.0
2016,10,16,NYC,1,0.6587559,147.39342,37046,0.0,0.0,20.6,10.600000000000001
2016,10,16,SFO,3,0.54553854,201.84451,37671,16.669117647058822,0.0,17.760416666666664,12.645833333333337
2016,10,16,NAS,4,0.55447054,197.2096,3765,0.0,0.0,28.660000000000004,15.88
2016,10,17,NYC,1,0.6559061,146.22305,38959,0.0,0.0,23.900000000000002,16.1
2016,10,17,SFO,3,0.54545456,200.85231,41942,11.7351145038168,0.0,19.24166666666667,11.097916666666665
2016,10,17,NAS,4,0.4250839,188.55626,6704,0.0,0.0,28.880000000000003,15.679999999999998
2016,10,18,SFO,3,0.543018,200.61427,40222,0.35625,0.0,20.83265306122449,9.197959183673474
2016,10,18,NYC,1,0.6542518,145.60455,38772,0.0,0.0,23.900000000000002,16.1
2016,10,18,NAS,4,0.41928592,189.77982,5923,0.0,0.0,30.24,16.32
2016,10,19,NYC,1,0.659149,144.74066,38467,0.0,0.0,30.0,16.1
2016,10,19,SFO,3,0.5426819,200.82657,36546,0.0,0.0,23.772916666666664,9.747916666666667
2016,10,19,NAS,4,0.43484893,187.63931,5076,0.0,0.0,31.360000000000003,15.419999999999998
2016,10,20,NYC,1,0.6680261,144.05249,39214,0.0,0.0,22.200000000000003,15.0
2016,10,20,SFO,3,0.5434381,201.64833,39049,0.0,0.0,26.393181818181816,11.165909090909095
2016,10,20,NAS,4,0.50625575,190.5649,5394,0.46153846153846156,0.0,30.78,14.66
2016,10,21,NYC,1,0.6724155,148.06625,36700,7.800000000000001,0.0,22.8,15.600000000000001
2016,10,21,SFO,3,0.54411024,207.37596,35939,0.008256880733944955,0.0,25.697826086956525,11.319565217391307
2016,10,21,NAS,4,0.63045466,197.66722,6550,5.1000000000000005,0.0,23.56,10.0
2016,10,22,SFO,3,0.5441943,207.46175,26690,0.012037037037037037,0.0,22.506382978723405,10.444680851063833
2016,10,22,NYC,1,0.6730215,147.42728,26353,16.0,0.0,15.600000000000001,8.9
2016,10,22,NAS,4,0.6396094,199.26334,5661,0.13571428571428573,0.0,17.660000000000004,5.140000000000001
2016,10,23,NYC,1,0.6561845,144.76291,37320,2.8000000000000003,0.0,17.8,7.800000000000001
2016,10,23,SFO,3,0.54242986,202.96217,37662,0.13962264150943396,0.0,20.739130434782613,8.43913043478261
2016,10,23,NAS,4,0.45956668,195.50763,5137,0.0,0.0,21.32,4.1
2016,10,24,NYC,1,0.6522209,143.9012,40166,0.0,0.0,18.900000000000002,8.9
2016,10,24,SFO,3,0.54125357,201.6456,37116,1.3841121495327104,0.0,18.465957446808513,12.540425531914895
2016,10,24,NAS,4,0.35947514,185.39066,5855,0.0,0.0,25.58,7.920000000000002
2016,10,25,NYC,1,0.6490271,143.37463,39663,0.0,0.0,12.200000000000001,6.7
2016,10,25,SFO,3,0.5378088,201.34993,35066,25.269117647058835,0.0,18.89361702127659,13.521276595744686
2016,10,25,NAS,4,0.33628318,183.33517,5244,0.011111111111111113,0.0,25.44,7.6800000000000015
2016,10,26,NYC,1,0.6468488,143.10861,40122,0.0,0.0,11.700000000000001,4.4
2016,10,26,SFO,3,0.5361284,201.03604,37652,5.625384615384614,0.0,21.86666666666667,11.918750000000003
2016,10,26,NAS,4,0.35581324,184.60114,6326,0.0,0.0,25.54,7.020000000000001
2016,10,27,NYC,1,0.6480608,143.0402,37600,4.566666666666667,0.0,16.7,5.6000000000000005
2016,10,27,SFO,3,0.53545624,201.09694,40945,2.8674999999999997,0.0,19.316666666666666,13.152083333333335
2016,10,27,NAS,4,0.4202014,191.4342,5327,0.16428571428571428,0.0,26.76,8.9
2016,10,28,NYC,1,0.6467505,148.56857,35789,10.666666666666666,0.0,13.9,6.1000000000000005
2016,10,28,SFO,3,0.53243154,207.15454,40640,23.093233082706764,0.0,17.918750000000003,14.160416666666665
2016,10,28,NAS,4,0.46200794,218.2042,5457,0.09999999999999999,0.0,26.560000000000002,8.9
2016,10,29,NYC,1,0.6445886,149.5699,26209,0.0,0.0,17.2,3.9000000000000004
2016,10,29,SFO,3,0.53209543,207.43365,30181,5.026016260162598,0.0,19.21041666666666,13.364583333333336
2016,10,29,NAS,4,0.45620996,220.3266,4059,0.0,0.0,28.200000000000003,9.725
2016,10,30,NYC,1,0.6267361,147.26859,30731,1.9000000000000001,0.0,22.8,13.3
2016,10,30,SFO,3,0.5297429,201.68036,35845,7.001680672268909,0.0,17.91249999999999,11.483333333333333
2016,10,30,NAS,4,0.3527617,200.24564,5116,0.0,0.0,29.425000000000004,12.075
2016,10,31,NYC,1,0.6172039,146.40848,33280,8.466666666666667,0.0,13.9,6.7
2016,10,31,SFO,3,0.60331553,201.54704,36945,12.523437500000004,0.0,17.41086956521739,9.817391304347828
2016,10,31,NAS,4,0.31583765,187.57225,5410,0.0,0.0,29.150000000000002,14.025
2016,11,1,NYC,1,0.6240718,145.68083,36319,0.0,0.0,15.0,4.4
2016,11,1,SFO,3,0.6064171,198.65979,35140,7.666911764705878,0.0,18.043999999999997,9.847999999999999
2016,11,1,NAS,4,0.30820873,183.60918,5109,0.0,0.0,30.125,13.875
2016,11,2,NYC,1,0.7200655,145.64406,38291,0.0,0.0,20.0,11.700000000000001
2016,11,2,SFO,3,0.6053476,197.9496,32440,0.1901785714285715,0.0,19.682000000000002,8.065999999999999
2016,11,2,NAS,4,0.32285628,186.32402,5764,0.0,0.0,30.000000000000004,14.725000000000001
2016,11,3,NYC,1,0.69752103,144.139,35778,0.0,0.0,22.8,13.9
2016,11,3,SFO,3,0.60652405,197.95978,37870,0.00841121495327103,0.0,21.46122448979592,9.081632653061224
2016,11,3,NAS,4,0.3860238,191.8648,5939,0.0,0.0,28.725,15.425
2016,11,4,NYC,1,0.70230746,148.46841,36479,0.0,0.0,17.2,9.4
2016,11,4,SFO,3,0.6018182,205.46387,39394,0.0056603773584905665,0.0,22.517999999999997,9.78
2016,11,4,NAS,4,0.4195911,214.81335,5402,0.0,0.0,24.725,10.4
2016,11,5,SFO,3,0.60053474,205.67577,27465,0.020588235294117647,0.0,21.014,9.188
2016,11,5,NYC,1,0.69975054,149.3382,24376,0.0,0.0,18.3,6.7
2016,11,5,NAS,4,0.4159292,214.55173,4807,0.0,0.0,22.099999999999998,5.425000000000001
2016,11,6,SFO,3,0.5951872,198.77199,38591,0.8216666666666661,0.0,19.984,12.276000000000003
2016,11,6,NYC,1,0.6648737,145.18939,32552,0.0,0.0,16.1,7.2
2016,11,6,NAS,4,0.3341471,196.55408,6084,0.0,0.0,22.35,6.125
2016,11,7,NYC,1,0.64278144,144.1274,37105,0.0,0.0,12.8,3.9000000000000004
2016,11,7,SFO,3,0.5976471,198.6688,34704,0.025714285714285717,0.0,21.14399999999999,11.67
2016,11,7,NAS,4,0.29600245,184.13048,6504,0.0,0.0,23.9,6.95
2016,11,8,NYC,1,0.629155,144.76869,34263,0.0,0.0,19.400000000000002,3.9000000000000004
2016,11,8,SFO,3,0.5972192,198.18321,30947,0.0029126213592233015,0.0,23.0265306122449,12.21020408163265
2016,11,8,NAS,4,0.29081476,183.04648,4815,0.010714285714285716,0.0,22.950000000000003,7.200000000000001
2016,11,9,NYC,1,0.62266916,144.56372,36769,0.15000000000000002,0.0,15.600000000000001,10.0
2016,11,9,SFO,3,0.5959358,197.85442,34067,0.005825242718446603,0.0,23.78775510204082,11.693877551020407
2016,11,9,NAS,4,0.31248093,183.96272,6433,0.03928571428571429,0.0,15.850000000000001,8.350000000000001
2016,11,10,SFO,3,0.5945455,198.50383,36239,0.00576923076923077,0.0,24.076000000000004,12.278000000000002
2016,11,10,NYC,1,0.6285625,144.69254,37920,0.5,0.0,14.4,5.0
2016,11,10,NAS,4,0.42538908,183.74243,5425,0.0,0.0,17.775000000000002,1.8000000000000003
2016,11,11,NYC,1,0.6357343,149.57576,36593,0.0,0.0,18.900000000000002,5.6000000000000005
2016,11,11,SFO,3,0.59165776,205.64746,38775,0.008910891089108912,0.0,22.436000000000007,12.041999999999998
2016,11,11,NAS,4,0.5944461,170.77051,4849,0.0,0.0,18.750000000000004,1.95
2016,11,12,NYC,1,0.63085437,149.39098,23289,0.0,0.0,11.100000000000001,2.8000000000000003
2016,11,12,SFO,3,0.5905882,205.85214,26831,0.1028846153846154,0.0,21.802000000000003,12.161999999999999
2016,11,12,NAS,4,0.615502,167.98572,3368,0.0,0.0,17.25,2.9
2016,11,13,NYC,1,0.6025257,145.32231,32397,0.0,0.0,16.7,4.4
2016,11,13,SFO,3,0.59090906,199.12654,34216,0.037383177570093455,0.0,21.904081632653064,10.926530612244898
2016,11,13,NAS,4,0.512664,171.18785,5100,0.0,0.0,17.099999999999998,0.8250000000000001
2016,11,14,NYC,1,0.59070784,144.32909,35691,0.0,0.0,15.0,5.0
2016,11,14,SFO,3,0.59101605,197.84859,35651,0.0169811320754717,0.0,21.052000000000003,10.332000000000003
2016,11,14,NAS,4,0.32682332,180.58885,6822,0.0,0.0,18.725,1.2750000000000001
2016,11,15,NYC,1,0.583536,143.96866,35227,17.6,0.0,12.200000000000001,8.9
2016,11,15,SFO,3,0.5906952,197.5354,33723,0.20857142857142863,0.0,18.034693877551014,9.742857142857142
2016,11,15,NAS,4,0.28867868,182.003,5733,0.040740740740740744,0.0,20.0,2.9000000000000004
2016,11,16,NYC,1,0.579763,144.25092,34592,21.5,0.0,16.7,7.2
2016,11,16,SFO,3,0.5901604,198.08325,34932,0.46086956521739103,0.0,15.85957446808511,6.397872340425532
2016,11,16,NAS,4,0.2798291,183.01483,4864,0.0,0.0,22.475,3.4750000000000005
2016,11,17,NYC,1,0.580184,144.33754,37842,0.0,0.0,17.2,9.4
2016,11,17,SFO,3,0.59090906,198.28235,39069,0.0028301886792452833,0.0,16.197959183673472,4.424489795918367
2016,11,17,NAS,4,0.3011901,188.26724,5433,0.0,0.0,25.2,4.76
2016,11,18,NYC,1,0.57901466,149.46964,38624,0.0,0.0,19.400000000000002,6.7
2016,11,18,SFO,3,0.5880214,205.31645,36096,0.00576923076923077,0.0,17.991666666666664,5.012499999999999
2016,11,18,NAS,4,0.32163563,216.4296,5710,0.018518518518518517,0.0,26.46,7.340000000000001
2016,11,19,NYC,1,0.57896787,149.55768,27025,1.8,0.0,15.600000000000001,5.6000000000000005
2016,11,19,SFO,3,0.5871658,205.46321,28521,19.015748031496056,0.0,15.460416666666667,9.108333333333327
2016,11,19,NAS,4,0.32651815,216.39737,3817,3.3034482758620687,0.0,21.1,3.9
2016,11,20,NYC,1,0.56587154,145.2691,30127,6.9,0.0,6.7,2.8000000000000003
2016,11,20,SFO,3,0.5873797,199.3095,35539,18.90895522388059,0.0,15.141666666666673,9.870833333333328
2016,11,20,NAS,4,0.283491,193.26277,5326,0.0,0.0,10.56,-1.86
2016,11,21,NYC,1,0.56619895,144.58093,33330,0.0,0.0,5.6000000000000005,3.3000000000000003
2016,11,21,SFO,3,0.58759356,199.56535,32961,3.4316666666666698,0.0,15.918750000000005,7.5666666666666655
2016,11,21,NAS,4,0.2764724,185.00043,4962,0.0,0.0,9.9,-3.9800000000000004
2016,11,22,NYC,1,0.571531,144.11389,39366,0.0,0.0,6.7,3.3000000000000003
2016,11,22,SFO,3,0.58962566,200.41335,40812,1.1447619047619049,0.0,15.242857142857146,5.430612244897957
2016,11,22,NAS,4,0.2856271,185.3067,6296,0.0,0.0,11.56,-2.7800000000000002
2016,11,23,NYC,1,0.57932645,145.35156,37899,0.0,0.0,8.3,2.2
2016,11,23,SFO,3,0.5900535,202.3149,37658,6.6131782945736415,0.0,14.755319148936172,5.7851063829787215
2016,11,23,NAS,4,0.3289594,198.05457,6637,0.011111111111111113,0.0,17.580000000000002,2.9
2016,11,24,SFO,3,0.5905882,202.95586,26349,0.3596153846153846,0.0,14.765217391304347,3.61304347826087
2016,11,24,NYC,1,0.5850951,147.09639,18046,0.0,0.0,10.600000000000001,3.3000000000000003
2016,11,24,NAS,4,0.33811414,205.69617,2869,0.9333333333333336,0.0,18.8,7.56
2016,11,25,NYC,1,0.58334893,150.81384,25729,0.15000000000000002,0.0,12.8,7.800000000000001
2016,11,25,SFO,3,0.58962566,208.77612,29446,0.3231578947368421,0.0,13.528260869565214,5.2043478260869565
2016,11,25,NAS,4,0.33811414,225.0355,3169,0.55,0.0,13.24,7.660000000000001
2016,11,26,NYC,1,0.5673059,151.69214,33779,0.15000000000000002,0.0,11.700000000000001,6.1000000000000005
2016,11,26,SFO,3,0.5881283,208.25449,37736,9.680645161290327,0.0,12.540425531914888,7.385106382978724
2016,11,26,NAS,4,0.32285628,226.04958,4853,0.0,0.0,10.3,1.525
2016,11,27,NYC,1,0.5494855,148.21574,37401,0.0,0.0,11.700000000000001,5.0
2016,11,27,SFO,3,0.5857754,201.42009,39409,9.320491803278681,0.0,13.508163265306122,7.2673469387755105
2016,11,27,NAS,4,0.27586207,205.53435,5423,0.376,0.0,11.66,-3.2
2016,11,28,NYC,1,0.55436546,145.64664,38865,0.0,0.0,11.100000000000001,2.8000000000000003
2016,11,28,SFO,3,0.586738,198.30513,39483,2.3536000000000024,0.0,14.636734693877557,7.3387755102040835
2016,11,28,NAS,4,0.2541959,184.08347,6584,1.3964285714285716,0.0,14.440000000000001,2.9
2016,11,29,SFO,3,0.5855615,197.72646,41664,0.04466019417475728,0.0,14.960869565217395,4.943478260869565
2016,11,29,NYC,1,0.55801374,144.57286,31838,12.033333333333333,0.0,15.600000000000001,11.100000000000001
2016,11,29,NAS,4,0.25297529,179.71283,5050,26.36666666666667,0.0,18.66,8.66
2016,11,30,NYC,1,0.56018084,143.98698,35210,30.750000000000004,0.0,15.0,10.600000000000001
2016,11,30,SFO,3,0.5854545,197.51497,35532,0.34234234234234234,0.0,13.760869565217389,4.365217391304347
2016,11,30,NAS,4,0.25450107,179.57266,6150,18.390322580645158,0.0,19.68,8.2
2016,12,1,NYC,1,0.5693639,143.35107,35207,12.200000000000001,0.0,13.9,6.7
2016,12,1,SFO,3,0.58299464,198.92639,40643,0.2614035087719299,0.0,15.073469387755106,4.561224489795919
2016,12,1,NAS,4,0.25968874,185.89778,6087,0.5166666666666667,0.0,15.220000000000002,1.02
2016,12,2,NYC,1,0.57826626,147.43497,35489,0.0,0.0,11.700000000000001,5.0
2016,12,2,SFO,3,0.5807487,205.49336,36430,0.013207547169811321,0.0,16.10612244897959,6.387755102040818
2016,12,2,NAS,4,0.26090938,214.2593,5350,0.0,0.0,12.56,-1.5400000000000003
2016,12,3,NYC,1,0.7284583,148.39621,22852,0.0,0.0,10.0,5.6000000000000005
2016,12,3,SFO,3,0.58053476,205.13132,25760,0.0027272727272727275,0.0,17.395744680851067,5.37872340425532
2016,12,3,NAS,4,0.25328043,215.30731,2972,0.1413793103448276,0.0,11.440000000000001,0.12000000000000002
2016,12,4,NYC,1,0.66558635,142.15268,32838,0.0,0.0,8.9,3.9000000000000004
2016,12,4,SFO,3,0.5790374,199.34857,35677,0.0029126213592233015,0.0,16.287755102040823,5.075510204081633
2016,12,4,NAS,4,0.23924321,188.7116,3616,7.479999999999999,0.0,7.68,3.4400000000000004
2016,12,5,NYC,1,0.64625883,140.37547,35148,5.6000000000000005,0.0,11.100000000000001,4.4
2016,12,5,SFO,3,0.57967913,198.50076,38129,0.015740740740740743,0.0,13.28775510204081,5.624489795918365
2016,12,5,NAS,4,0.3289594,186.8995,5508,2.557142857142857,0.0,9.56,5.360000000000001
2016,12,6,NYC,1,0.6380454,139.66011,35267,4.8500000000000005,0.0,8.3,2.8000000000000003
2016,12,6,SFO,3,0.5797861,198.10257,33788,0.005607476635514019,0.0,12.489583333333334,2.7375000000000003
2016,12,6,NAS,4,0.33018005,186.21275,5680,11.27857142857143,0.0,13.440000000000001,4.340000000000001
2016,12,7,NYC,1,0.6391997,139.09972,34959,9.133333333333335,0.0,8.3,5.0
2016,12,7,SFO,3,0.5793583,197.3674,34148,1.497272727272727,0.0,10.122916666666669,2.0541666666666667
2016,12,7,NAS,4,0.33201098,185.96346,5762,6.685714285714286,0.0,11.9,1.44
2016,12,8,NYC,1,0.6436246,138.76056,36258,0.15000000000000002,0.0,7.2,1.7000000000000002
2016,12,8,SFO,3,0.57850266,198.45801,37288,19.71142857142856,0.0,12.470833333333333,4.687500000000001
2016,12,8,NAS,4,0.33750382,196.04007,5538,0.017241379310344827,0.0,7.32,-1.52
2016,12,9,NYC,1,0.64875984,144.05832,35647,0.0,0.0,6.1000000000000005,-0.5
2016,12,9,SFO,3,0.5773262,204.71913,36554,8.752173913043473,0.0,14.9125,10.218749999999998
2016,12,9,NAS,4,0.34147087,226.03105,5094,0.0,0.0,3.6400000000000006,-5.28
2016,12,10,NYC,1,0.6385929,144.83466,23862,0.0,0.0,3.9000000000000004,-1.0
2016,12,10,SFO,3,0.5781818,204.47896,23510,17.324817518248167,0.0,15.304166666666672,9.60416666666667
2016,12,10,NAS,4,0.34452242,227.48604,3873,0.0,0.0,3.66,-7.860000000000001
2016,12,11,NYC,1,0.5990055,142.76672,30264,0.16666666666666666,4.0,2.2,-2.1
2016,12,11,SFO,3,0.5788235,199.76308,35200,9.17499999999999,0.0,12.366666666666667,5.441666666666666
2016,12,11,NAS,4,0.33384192,200.9661,4793,0.10714285714285714,0.0,8.22,-5.86
2016,12,12,NYC,1,0.5778429,142.70851,33749,16.6,0.0,8.9,1.1
2016,12,12,SFO,3,0.57967913,199.38219,37926,0.8460869565217389,0.0,12.35,5.921739130434782
2016,12,12,NAS,4,0.3234666,186.97069,5577,25.824137931034482,0.0,12.22,1.1199999999999999
2016,12,13,SFO,3,0.57989305,198.78996,35729,0.25739130434782614,0.0,13.141304347826084,7.02391304347826
2016,12,13,NYC,1,0.56982183,142.47025,34842,0.65,0.0,6.7,2.8000000000000003
2016,12,13,NAS,4,0.32377174,186.30415,5478,3.625925925925926,0.0,9.100000000000001,2.54
2016,12,14,SFO,3,0.5790374,198.68445,36758,4.962411347517728,0.0,14.674999999999999,9.527083333333334
2016,12,14,NYC,1,0.5658853,142.5813,35563,0.0,0.0,7.2,1.7000000000000002
2016,12,14,NAS,4,0.32499236,186.66547,5203,2.2571428571428567,0.0,6.0,-0.12000000000000002
2016,12,15,NYC,1,0.5663884,142.92805,35136,0.0,0.0,2.2,-6.0
2016,12,15,SFO,3,0.57860965,199.26294,33438,22.856296296296293,0.0,14.680851063829786,9.817021276595746
2016,12,15,NAS,4,0.32560268,196.81628,6199,0.0,0.0,2.0200000000000005,-6.44
2016,12,16,NYC,1,0.56931865,147.52684,35191,0.0,0.0,-1.6,-7.1000000000000005
2016,12,16,SFO,3,0.5773262,205.48709,33300,41.38905109489051,0.0,12.502127659574464,4.595744680851064
2016,12,16,NAS,4,0.32590786,225.21095,5656,0.0,0.0,4.0,-6.660000000000001
2016,12,17,NYC,1,0.5702066,147.52675,23396,13.850000000000001,70.0,4.4,-2.7
2016,12,17,SFO,3,0.575615,205.53629,29099,0.023853211009174313,0.0,10.812500000000002,0.63125
2016,12,17,NAS,4,0.32804394,226.20618,3696,2.0793103448275856,0.0,16.54,-2.44
2016,12,18,SFO,3,0.57540107,200.5869,33450,0.0028037383177570096,0.0,11.160416666666665,0.006250000000000061
2016,12,18,NYC,1,0.5537649,144.58983,27058,6.6000000000000005,0.0,15.600000000000001,0.6000000000000001
2016,12,18,NAS,4,0.32712847,200.35828,4530,35.721428571428575,1.7857142857142858,13.879999999999999,-4.2
2016,12,19,NYC,1,0.5457438,144.18234,33058,0.0,0.0,0.6000000000000001,-3.2
2016,12,19,SFO,3,0.5762567,200.15446,34313,0.005607476635514019,0.0,11.993478260869564,0.22826086956521754
2016,12,19,NAS,4,0.32926458,190.3453,6163,0.11481481481481481,0.0,-0.52,-6.9
2016,12,20,NYC,1,0.54330194,144.27197,33958,0.0,0.0,1.7000000000000002,-6.6000000000000005
2016,12,20,SFO,3,0.575615,200.4138,35759,0.0,0.0,14.102083333333333,2.1062500000000006
2016,12,20,NAS,4,0.33018005,188.80365,4931,0.0,0.0,1.56,-8.3
2016,12,21,NYC,1,0.54195523,144.99231,34811,0.10000000000000002,0.0,5.0,-1.0
2016,12,21,SFO,3,0.57582885,200.8989,40386,0.004629629629629629,0.0,15.993877551020411,5.816326530612245
2016,12,21,NAS,4,0.33079037,190.70543,6543,0.0,0.0,8.0,-6.18
2016,12,22,NYC,1,0.54498905,147.19193,35988,0.0,0.0,10.600000000000001,1.1
2016,12,22,SFO,3,0.57721925,201.7703,40959,0.002884615384615385,0.0,16.79574468085107,4.189361702127661
2016,12,22,NAS,4,0.3396399,206.77634,6006,0.012000000000000002,0.0,12.24,-2.12
2016,12,23,NYC,1,0.5472533,153.75082,34498,0.0,0.0,8.9,3.3000000000000003
2016,12,23,SFO,3,0.57614976,207.72546,34639,16.50882352941176,0.0,12.70612244897959,4.591836734693878
2016,12,23,NAS,4,0.3518462,235.24341,5988,0.0,0.0,12.34,0.54
2016,12,24,NYC,1,0.56046885,156.30626,21972,8.5,0.0,8.3,3.9000000000000004
2016,12,24,SFO,3,0.57529414,207.90985,23989,3.994573643410856,0.0,11.037500000000003,2.547916666666666
2016,12,24,NAS,4,0.3588648,237.71252,3986,39.940000000000005,0.0,15.9,5.12
2016,12,25,NYC,1,0.5715089,154.36707,26182,5.95,0.0,11.100000000000001,2.2
2016,12,25,SFO,3,0.5748663,203.85559,27537,0.12115384615384617,0.0,10.076595744680851,0.6063829787234043
2016,12,25,NAS,4,0.3582545,221.69092,3784,11.246153846153845,0.0,18.660000000000004,12.120000000000001
2016,12,26,NYC,1,0.5873291,152.71451,34103,0.0,0.0,9.4,-0.5
2016,12,26,SFO,3,0.57401067,202.19835,39824,0.00576923076923077,0.0,10.582978723404256,0.8645833333333334
2016,12,26,NAS,4,0.35642356,210.32669,6498,0.5481481481481483,0.0,23.32,13.419999999999998
2016,12,27,NYC,1,0.6059167,153.05981,34566,0.20000000000000004,0.0,16.7,5.0
2016,12,27,SFO,3,0.5736898,201.55418,38188,0.25420560747663556,0.0,12.618367346938774,1.6795918367346938
2016,12,27,NAS,4,0.35581324,203.22359,7020,18.492592592592594,0.0,19.880000000000003,4.78
2016,12,28,NYC,1,0.6240455,154.55487,35330,0.0,0.0,6.1000000000000005,0.0
2016,12,28,SFO,3,0.57251334,201.70929,38106,0.0,0.0,14.677551020408169,1.926530612244898
2016,12,28,NAS,4,0.36496797,203.91783,5438,0.12222222222222223,0.0,15.320000000000002,-1.44
2016,12,29,NYC,1,0.6424407,157.17938,33822,3.033333333333333,0.0,8.9,-2.1
2016,12,29,SFO,3,0.6211765,202.61774,36895,0.0,0.0,15.355102040816334,4.044897959183674
2016,12,29,NAS,4,0.41196215,219.00311,6338,5.810714285714286,0.0,14.219999999999999,0.33999999999999997
2016,12,30,NYC,1,0.66685903,165.78006,31067,7.266666666666667,0.0,6.1000000000000005,1.7000000000000002
2016,12,30,SFO,3,0.6220321,209.38597,36334,0.007692307692307693,0.0,15.785714285714286,4.1591836734693866
2016,12,30,NAS,4,0.45041198,252.6713,6769,0.0,0.0,10.56,1.3200000000000003
2016,12,31,NYC,1,0.66827977,168.45001,25493,0.15000000000000002,0.0,7.2,0.6000000000000001
2016,12,31,SFO,3,0.62213904,211.41948,25615,0.11284403669724774,0.0,12.647916666666669,2.935416666666667
2016,12,31,NAS,4,0.45193774,251.66092,4368,5.15925925925926,0.0,9.000000000000002,1.44
