2016,3,1,NYC,1,0.48491254,136.54478,33219
2016,3,2,NYC,1,0.48649776,137.0741,36291
2016,3,3,NYC,1,0.48674807,137.61154,36390
2016,3,4,NYC,1,0.48113024,143.58922,34720
2016,3,5,NYC,1,0.48265985,144.25368,26583
2016,3,6,NYC,1,0.47498402,141.44057,32356
2016,3,7,NYC,1,0.47910005,141.25537,40391
2016,3,8,NYC,1,0.48018467,141.1215,35147
2016,3,9,NYC,1,0.4825486,141.24422,36919
2016,3,10,NYC,1,0.48299357,141.53362,38258
2016,3,11,NYC,1,0.4817699,147.17854,37141
2016,3,12,NYC,1,0.48574686,147.19637,25905
2016,3,13,NYC,1,0.4827989,142.18256,33601
2016,3,14,NYC,1,0.48824987,141.65404,39850
2016,3,15,NYC,1,0.49022442,141.26035,38683
2016,3,16,NYC,1,0.49623162,140.70128,36827
2016,3,17,NYC,1,0.5031287,140.7141,37267
2016,3,18,NYC,1,0.5037962,145.76678,32861
2016,3,19,NYC,1,0.50883,145.35185,25248
2016,3,20,NYC,1,0.50574297,141.41364,33074
2016,3,21,NYC,1,0.5133632,140.73506,37884
2016,3,22,NYC,1,0.51856387,140.25713,37060
2016,3,23,NYC,1,0.52395916,140.05095,35234
2016,3,24,NYC,1,0.5283255,139.99889,37963
2016,3,25,NYC,1,0.5271018,144.84686,36491
2016,3,26,NYC,1,0.5208165,145.51642,25089
2016,3,27,NYC,1,0.5093862,141.62854,33859
2016,3,28,NYC,1,0.5078566,141.00633,36238
2016,3,29,NYC,1,0.5060211,140.86488,35606
2016,3,30,NYC,1,0.50666076,141.06934,36480
2016,3,31,NYC,1,0.5050755,141.20656,38431
2016,4,1,NYC,1,0.50112635,147.84825,37631
2016,4,2,NYC,1,0.5096018,147.86201,24037
2016,4,3,NYC,1,0.68816364,143.8095,32704
2016,4,4,NYC,1,0.65993154,142.6091,40519
2016,4,5,NYC,1,0.6394998,142.54184,37292
2016,4,6,NYC,1,0.6357003,142.51575,39076
2016,4,7,NYC,1,0.6432741,143.26747,41402
2016,4,8,NYC,1,0.65067184,149.5081,40003
2016,4,9,NYC,1,0.65132606,150.245,27864
2016,4,10,NYC,1,0.625585,145.1129,35957
2016,4,11,NYC,1,0.6215087,143.15683,40727
2016,4,12,NYC,1,0.6183886,141.99341,38492
2016,4,13,NYC,1,0.6222133,141.85834,40284
2016,4,14,NYC,1,0.631322,142.29996,42383
2016,4,15,NYC,1,0.6372603,148.04272,43001
2016,4,16,NYC,1,0.6359016,148.27145,28502
2016,4,17,NYC,1,0.6106386,144.06973,36490
2016,4,18,NYC,1,0.60588294,142.78185,39209
2016,4,19,NYC,1,0.6025364,142.09407,36943
2016,4,20,NYC,1,0.6059081,142.47989,38175
2016,4,21,NYC,1,0.60980827,142.81615,41629
2016,4,22,NYC,1,0.6105128,148.85464,37356
2016,4,23,NYC,1,0.6109406,149.2468,30202
2016,4,24,NYC,1,0.592245,144.58618,36265
2016,4,25,NYC,1,0.59078556,144.30154,39925
2016,4,26,NYC,1,0.5892003,143.78911,36612
2016,4,27,NYC,1,0.59297466,144.12611,38948
2016,4,28,NYC,1,0.6011021,143.91685,41935
2016,4,29,NYC,1,0.6076695,148.50038,41078
2016,4,30,NYC,1,0.60520357,147.36418,25916
2016,5,1,NYC,1,0.61573315,145.35954,37233
2016,5,2,NYC,1,0.72794396,146.04657,38839
2016,5,3,NYC,1,0.71467704,145.99382,37219
2016,5,4,NYC,1,0.71124715,145.4141,37646
2016,5,5,NYC,1,0.7158203,146.44632,39191
2016,5,6,NYC,1,0.7119617,152.44554,35747
2016,5,7,NYC,1,0.70612615,154.7434,27610
2016,5,8,NYC,1,0.6758765,149.49236,31059
2016,5,9,NYC,1,0.67208934,149.07874,39484
2016,5,10,NYC,1,0.674233,148.58873,40136
2016,5,11,NYC,1,0.6838558,147.83342,38647
2016,5,12,NYC,1,0.69693214,146.93814,36841
2016,5,13,NYC,1,0.7134623,152.16566,38474
2016,5,14,NYC,1,0.72715795,150.77145,29229
2016,5,15,NYC,1,0.7078887,145.83269,37034
2016,5,16,NYC,1,0.70522106,142.24733,38935
2016,5,17,NYC,1,0.7105802,139.72578,38721
2016,5,18,NYC,1,0.7083413,139.76031,39935
2016,5,19,NYC,1,0.70319647,140.75363,41775
2016,5,20,NYC,1,0.7008622,147.37607,38967
2016,5,21,NYC,1,0.6896437,150.77782,27980
2016,5,22,NYC,1,0.6564167,149.09317,36279
2016,5,23,NYC,1,0.6415301,148.84439,39540
2016,5,24,NYC,1,0.6352658,148.29903,37948
2016,5,25,NYC,1,0.6343369,148.67476,37002
2016,5,26,NYC,1,0.63552785,149.72037,37816
2016,5,27,NYC,1,0.6303592,156.06514,38143
2016,5,28,NYC,1,0.6299543,155.88814,25617
2016,5,29,NYC,1,0.6125905,151.88754,28427
2016,5,30,NYC,1,0.5971799,151.62648,35502
2016,5,31,NYC,1,0.595322,149.81665,38538
2016,6,1,NYC,1,0.6086678,149.58826,39672
2016,6,2,NYC,1,0.75705886,153.3362,40867
2016,6,3,NYC,1,0.74705577,160.14668,39377
2016,6,4,NYC,1,0.73647517,161.35141,26976
2016,6,5,NYC,1,0.70867276,154.9382,33715
2016,6,6,NYC,1,0.6984428,151.61665,39913
2016,6,7,NYC,1,0.69613284,150.24367,37797
2016,6,8,NYC,1,0.6941941,149.0288,39742
2016,6,9,NYC,1,0.6912035,149.02905,42816
2016,6,10,NYC,1,0.6860679,155.3804,41084
2016,6,11,NYC,1,0.6835516,155.71486,31129
2016,6,12,NYC,1,0.6649479,151.52594,37324
2016,6,13,NYC,1,0.66606164,150.0003,43858
2016,6,14,NYC,1,0.6658554,149.44102,43524
2016,6,15,NYC,1,0.6638754,149.36179,44502
2016,6,16,NYC,1,0.6626586,149.30496,41128
2016,6,17,NYC,1,0.65700734,155.5154,42352
2016,6,18,NYC,1,0.6534392,155.93388,30618
2016,6,19,NYC,1,0.637228,151.67145,40094
2016,6,20,NYC,1,0.6383624,150.20834,42912
2016,6,21,NYC,1,0.639373,149.25307,42646
2016,6,22,NYC,1,0.63931113,148.54208,45032
2016,6,23,NYC,1,0.6427555,148.74493,40918
2016,6,24,NYC,1,0.6405074,154.3743,43037
2016,6,25,NYC,1,0.63584614,154.41997,32286
2016,6,26,NYC,1,0.6188718,150.27025,39275
2016,6,27,NYC,1,0.6116737,150.02676,44600
2016,6,28,NYC,1,0.60377437,150.64561,41241
2016,6,29,NYC,1,0.59721565,151.18034,44238
2016,6,30,NYC,1,0.58391255,152.40845,41874
2016,7,1,NYC,1,0.5657007,160.11203,41287
2016,7,2,NYC,1,0.62985694,160.90657,31334
2016,7,3,NYC,1,0.68871117,154.63136,32903
2016,7,4,NYC,1,0.64888054,152.94041,36650
2016,7,5,NYC,1,0.63555974,150.43536,43872
2016,7,6,NYC,1,0.63783634,149.1708,43823
2016,7,7,NYC,1,0.6407714,149.30315,42697
2016,7,8,NYC,1,0.63751644,154.9262,40287
2016,7,9,NYC,1,0.6363123,154.95013,34720
2016,7,10,NYC,1,0.6237629,149.11197,38774
2016,7,11,NYC,1,0.63029164,147.99364,41634
2016,7,12,NYC,1,0.6337347,147.25238,40630
2016,7,13,NYC,1,0.6350141,146.92004,39781
2016,7,14,NYC,1,0.63674504,147.11525,40182
2016,7,15,NYC,1,0.63095015,152.8444,41070
2016,7,16,NYC,1,0.6286171,153.58469,31467
2016,7,17,NYC,1,0.6149953,149.2208,39935
2016,7,18,NYC,1,0.6189464,147.6917,40920
2016,7,19,NYC,1,0.6209031,147.0074,43007
2016,7,20,NYC,1,0.6213735,146.49141,42090
2016,7,21,NYC,1,0.62316084,146.87329,42780
2016,7,22,NYC,1,0.6163876,152.54706,42436
2016,7,23,NYC,1,0.6131138,152.7301,33558
2016,7,24,NYC,1,0.6029351,148.75378,38096
2016,7,25,NYC,1,0.6047977,147.70164,38902
2016,7,26,NYC,1,0.60507995,147.65903,40390
2016,7,27,NYC,1,0.60176855,147.88992,43008
2016,7,28,NYC,1,0.5980809,148.56816,40793
2016,7,29,NYC,1,0.5919473,153.641,39503
2016,7,30,NYC,1,0.58795863,153.90607,28414
2016,7,31,NYC,1,0.5810536,149.1905,35244
2016,8,1,NYC,1,0.5894073,148.70801,41611
2016,8,2,NYC,1,0.59495765,148.55737,40227
2016,8,3,NYC,1,0.59533393,148.42487,42650
2016,8,4,NYC,1,0.592286,148.872,40389
2016,8,5,NYC,1,0.5825588,154.15991,44738
2016,8,6,NYC,1,0.5780433,154.16869,33836
2016,8,7,NYC,1,0.5688053,150.37892,40421
2016,8,8,NYC,1,0.5728881,149.65103,44341
2016,8,9,NYC,1,0.5724741,149.61876,42100
2016,8,10,NYC,1,0.5708561,149.45364,39652
2016,8,11,NYC,1,0.56624645,149.64787,42671
2016,8,12,NYC,1,0.5582314,154.76158,37566
2016,8,13,NYC,1,0.55324554,155.15948,32505
2016,8,14,NYC,1,0.54547507,151.1325,38443
2016,8,15,NYC,1,0.547714,150.09839,41884
2016,8,16,NYC,1,0.54901224,150.23058,43954
2016,8,17,NYC,1,0.5504045,150.04884,46731
2016,8,18,NYC,1,0.54827845,150.10405,44924
2016,8,19,NYC,1,0.54231423,154.78801,43474
2016,8,20,NYC,1,0.5374036,154.79623,32820
2016,8,21,NYC,1,0.53053623,151.07358,39060
2016,8,22,NYC,1,0.5351082,150.52896,44679
2016,8,23,NYC,1,0.5380245,150.4837,42651
2016,8,24,NYC,1,0.5372531,150.45241,45635
2016,8,25,NYC,1,0.5368015,150.58553,44325
2016,8,26,NYC,1,0.5323048,155.55905,45029
2016,8,27,NYC,1,0.53238004,155.94435,28726
2016,8,28,NYC,1,0.52993417,151.4061,35695
2016,8,29,NYC,1,0.53160864,150.53284,40695
2016,8,30,NYC,1,0.53083724,150.26828,39998
2016,8,31,NYC,1,0.53634995,150.12494,43826
2016,9,1,NYC,1,0.5489181,151.36884,39966
2016,9,2,NYC,1,0.5513452,156.15486,42210
2016,9,3,NYC,1,0.55493885,155.84143,25102
2016,9,4,NYC,1,0.5482596,151.57576,26865
2016,9,5,NYC,1,0.547921,151.071,34190
2016,9,6,NYC,1,0.55531514,149.34322,40059
2016,9,7,NYC,1,0.55952966,148.7312,38658
2016,9,8,NYC,1,0.5626152,148.17004,39744
2016,9,9,NYC,1,0.5616933,152.80379,35489
2016,9,10,NYC,1,0.56178737,153.10498,25932
2016,9,11,NYC,1,0.55712134,148.94638,36403
2016,9,12,NYC,1,0.55892754,148.44806,40827
2016,9,13,NYC,1,0.55890876,148.21101,36665
2016,9,14,NYC,1,0.55981183,147.6943,38961
2016,9,15,NYC,1,0.5596049,146.98697,39792
2016,9,16,NYC,1,0.55586076,151.175,40158
2016,9,17,NYC,1,0.555635,151.37671,27937
2016,9,18,NYC,1,0.5511571,147.6657,36247
2016,9,19,NYC,1,0.55228597,147.29295,38740
2016,9,20,NYC,1,0.55017877,147.25029,39287
2016,9,21,NYC,1,0.5492568,146.78845,37909
2016,9,22,NYC,1,0.54735655,146.34982,40395
2016,9,23,NYC,1,0.5429539,150.54578,39832
2016,9,24,NYC,1,0.5378175,150.43663,28443
2016,9,25,NYC,1,0.5307056,146.96404,35572
2016,9,26,NYC,1,0.5292192,146.62941,39426
2016,9,27,NYC,1,0.5268109,146.61821,41401
2016,9,28,NYC,1,0.5247789,146.42805,39090
2016,9,29,NYC,1,0.52342427,146.26009,36771
2016,9,30,NYC,1,0.5390969,151.1512,34543
2016,10,1,NYC,1,0.774109,156.66661,25325
2016,10,2,NYC,1,0.7248428,152.046,34376
2016,10,3,NYC,1,0.7047956,151.20778,40415
2016,10,4,NYC,1,0.7011432,149.86705,36479
2016,10,5,NYC,1,0.7069575,148.1556,39659
2016,10,6,NYC,1,0.7189465,147.94435,38059
2016,10,7,NYC,1,0.7334578,152.7185,39277
2016,10,8,NYC,1,0.736193,153.72751,25740
2016,10,9,NYC,1,0.7067119,150.58334,33337
2016,10,10,NYC,1,0.680834,149.3415,38475
2016,10,11,NYC,1,0.6721862,148.84102,36976
2016,10,12,NYC,1,0.6715311,147.80104,37863
2016,10,13,NYC,1,0.6769687,147.23495,39784
2016,10,14,NYC,1,0.6801952,151.82224,38398
2016,10,15,NYC,1,0.6793436,151.22969,27014
2016,10,16,NYC,1,0.6587559,147.39342,37046
2016,10,17,NYC,1,0.6559061,146.22305,38959
2016,10,18,NYC,1,0.6542518,145.60455,38772
2016,10,19,NYC,1,0.659149,144.74066,38467
2016,10,20,NYC,1,0.6680261,144.05249,39214
2016,10,21,NYC,1,0.6724155,148.06625,36700
2016,10,22,NYC,1,0.6730215,147.42728,26353
2016,10,23,NYC,1,0.6561845,144.76291,37320
2016,10,24,NYC,1,0.6522209,143.9012,40166
2016,10,25,NYC,1,0.6490271,143.37463,39663
2016,10,26,NYC,1,0.6468488,143.10861,40122
2016,10,27,NYC,1,0.6480608,143.0402,37600
2016,10,28,NYC,1,0.6467505,148.56857,35789
2016,10,29,NYC,1,0.6445886,149.5699,26209
2016,10,30,NYC,1,0.6267361,147.26859,30731
2016,10,31,NYC,1,0.6172039,146.40848,33280
2016,11,1,NYC,1,0.6240718,145.68083,36319
2016,11,2,NYC,1,0.7200655,145.64406,38291
2016,11,3,NYC,1,0.69752103,144.139,35778
2016,11,4,NYC,1,0.70230746,148.46841,36479
2016,11,5,NYC,1,0.69975054,149.3382,24376
2016,11,6,NYC,1,0.6648737,145.18939,32552
2016,11,7,NYC,1,0.64278144,144.1274,37105
2016,11,8,NYC,1,0.629155,144.76869,34263
2016,11,9,NYC,1,0.62266916,144.56372,36769
2016,11,10,NYC,1,0.6285625,144.69254,37920
2016,11,11,NYC,1,0.6357343,149.57576,36593
2016,11,12,NYC,1,0.63085437,149.39098,23289
2016,11,13,NYC,1,0.6025257,145.32231,32397
2016,11,14,NYC,1,0.59070784,144.32909,35691
2016,11,15,NYC,1,0.583536,143.96866,35227
2016,11,16,NYC,1,0.579763,144.25092,34592
2016,11,17,NYC,1,0.580184,144.33754,37842
2016,11,18,NYC,1,0.57901466,149.46964,38624
2016,11,19,NYC,1,0.57896787,149.55768,27025
2016,11,20,NYC,1,0.56587154,145.2691,30127
2016,11,21,NYC,1,0.56619895,144.58093,33330
2016,11,22,NYC,1,0.571531,144.11389,39366
2016,11,23,NYC,1,0.57932645,145.35156,37899
2016,11,24,NYC,1,0.5850951,147.09639,18046
2016,11,25,NYC,1,0.58334893,150.81384,25729
2016,11,26,NYC,1,0.5673059,151.69214,33779
2016,11,27,NYC,1,0.5494855,148.21574,37401
2016,11,28,NYC,1,0.55436546,145.64664,38865
2016,11,29,NYC,1,0.55801374,144.57286,31838
2016,11,30,NYC,1,0.56018084,143.98698,35210
2016,12,1,NYC,1,0.5693639,143.35107,35207
2016,12,2,NYC,1,0.57826626,147.43497,35489
2016,12,3,NYC,1,0.7284583,148.39621,22852
2016,12,4,NYC,1,0.66558635,142.15268,32838
2016,12,5,NYC,1,0.64625883,140.37547,35148
2016,12,6,NYC,1,0.6380454,139.66011,35267
2016,12,7,NYC,1,0.6391997,139.09972,34959
2016,12,8,NYC,1,0.6436246,138.76056,36258
2016,12,9,NYC,1,0.64875984,144.05832,35647
2016,12,10,NYC,1,0.6385929,144.83466,23862
2016,12,11,NYC,1,0.5990055,142.76672,30264
2016,12,12,NYC,1,0.5778429,142.70851,33749
2016,12,13,NYC,1,0.56982183,142.47025,34842
2016,12,14,NYC,1,0.5658853,142.5813,35563
2016,12,15,NYC,1,0.5663884,142.92805,35136
2016,12,16,NYC,1,0.56931865,147.52684,35191
2016,12,17,NYC,1,0.5702066,147.52675,23396
2016,12,18,NYC,1,0.5537649,144.58983,27058
2016,12,19,NYC,1,0.5457438,144.18234,33058
2016,12,20,NYC,1,0.54330194,144.27197,33958
2016,12,21,NYC,1,0.54195523,144.99231,34811
2016,12,22,NYC,1,0.54498905,147.19193,35988
2016,12,23,NYC,1,0.5472533,153.75082,34498
2016,12,24,NYC,1,0.56046885,156.30626,21972
2016,12,25,NYC,1,0.5715089,154.36707,26182
2016,12,26,NYC,1,0.5873291,152.71451,34103
2016,12,27,NYC,1,0.6059167,153.05981,34566
2016,12,28,NYC,1,0.6240455,154.55487,35330
2016,12,29,NYC,1,0.6424407,157.17938,33822
2016,12,30,NYC,1,0.66685903,165.78006,31067
2016,12,31,NYC,1,0.66827977,168.45001,25493
2017,1,1,NYC,1,0.6018025,158.14182,30464
2017,1,2,NYC,1,0.555008,151.16742,34731
2017,1,3,NYC,1,0.530634,145.98528,32904
2017,1,4,NYC,1,0.51251996,143.15935,29830
2017,1,5,NYC,1,0.50122833,142.10197,32187
2017,1,6,NYC,1,0.48962587,145.23228,30767
2017,1,7,NYC,1,0.4831587,144.75272,18818
2017,1,8,NYC,1,0.47806785,139.93442,31046
2017,1,9,NYC,1,0.47799385,138.78111,35236
2017,1,10,NYC,1,0.4771651,138.48402,33003
2017,1,11,NYC,1,0.47635114,138.2172,32412
2017,1,12,NYC,1,0.47639555,138.38968,37545
2017,1,13,NYC,1,0.47325817,142.64824,35313
2017,1,14,NYC,1,0.4726662,142.52553,22586
2017,1,15,NYC,1,0.46895164,138.79918,29253
2017,1,16,NYC,1,0.46905524,138.25122,33444
2017,1,17,NYC,1,0.46980998,137.87782,32475
2017,1,18,NYC,1,0.4696176,137.85368,32793
2017,1,19,NYC,1,0.46880364,137.98537,36891
2017,1,20,NYC,1,0.46571064,142.25702,35520
2017,1,21,NYC,1,0.46541467,142.20909,21822
2017,1,22,NYC,1,0.46457112,138.407,31729
2017,1,23,NYC,1,0.466273,137.85393,29960
2017,1,24,NYC,1,0.46618423,137.82121,33580
2017,1,25,NYC,1,0.46631742,137.73601,33821
2017,1,26,NYC,1,0.46571064,137.83295,38728
2017,1,27,NYC,1,0.46297282,142.20274,36374
2017,1,28,NYC,1,0.46214408,142.11496,22515
2017,1,29,NYC,1,0.46137452,138.49036,34132
2017,1,30,NYC,1,0.46288404,137.97664,36395
2017,1,31,NYC,1,0.4681229,138.03145,32273
2017,2,1,NYC,1,0.47607163,136.5445,35338
2017,2,2,NYC,1,0.47544363,136.81606,38918
2017,2,3,NYC,1,0.47254518,141.0327,37278
2017,2,4,NYC,1,0.47188497,141.02144,23227
2017,2,5,NYC,1,0.4645744,137.71411,30499
2017,2,6,NYC,1,0.4657177,137.26357,36780
2017,2,7,NYC,1,0.46602362,137.2231,31633
2017,2,8,NYC,1,0.46504137,137.22232,27666
2017,2,9,NYC,1,0.46415573,137.47299,15242
2017,2,10,NYC,1,0.4612412,141.67102,36145
2017,2,11,NYC,1,0.4612251,141.71613,23837
2017,2,12,NYC,1,0.4606132,138.19685,31545
2017,2,13,NYC,1,0.46162763,137.76886,33283
2017,2,14,NYC,1,0.4614022,137.72984,34835
2017,2,15,NYC,1,0.4600979,137.49149,36067
2017,2,16,NYC,1,0.45905125,137.73195,37247
2017,2,17,NYC,1,0.45607227,141.87685,39459
2017,2,18,NYC,1,0.45452642,141.99678,24583
2017,2,19,NYC,1,0.45294836,138.26373,29351
2017,2,20,NYC,1,0.45281956,137.95792,37769
2017,2,21,NYC,1,0.45219156,137.76266,36814
2017,2,22,NYC,1,0.45146695,137.58495,37573
2017,2,23,NYC,1,0.45051688,137.67656,40027
2017,2,24,NYC,1,0.44792438,141.62709,37282
2017,2,25,NYC,1,0.4460565,141.62123,24510
2017,2,26,NYC,1,0.44563782,138.01588,34402
2017,2,27,NYC,1,0.44624972,137.52362,36677
2017,2,28,NYC,1,0.44471997,137.37076,36592
2016,3,1,LAX,2,0.27594593,140.82355,33391
2016,3,2,LAX,2,0.2712285,140.72379,33403
2016,3,3,LAX,2,0.27147165,140.68051,35518
2016,3,4,LAX,2,0.26869956,147.53056,33826
2016,3,5,LAX,2,0.2667542,147.79591,24036
2016,3,6,LAX,2,0.25775704,141.56847,31024
2016,3,7,LAX,2,0.25590897,141.41542,35521
2016,3,8,LAX,2,0.25347728,141.39375,35541
2016,3,9,LAX,2,0.25265053,141.47173,33443
2016,3,10,LAX,2,0.25250462,141.51445,35452
2016,3,11,LAX,2,0.25046203,148.05048,35612
2016,3,12,LAX,2,0.25070518,147.97935,26692
2016,3,13,LAX,2,0.24783581,141.12097,35129
2016,3,14,LAX,2,0.24759264,141.1539,39437
2016,3,15,LAX,2,0.24569595,141.18375,35142
2016,3,16,LAX,2,0.24598774,141.26445,38593
2016,3,17,LAX,2,0.24764128,140.86935,35776
2016,3,18,LAX,2,0.24569595,147.64107,37108
2016,3,19,LAX,2,0.2444801,147.53775,28643
2016,3,20,LAX,2,0.24161074,141.11215,34913
2016,3,21,LAX,2,0.24136758,141.32489,35851
2016,3,22,LAX,2,0.24107577,141.07767,36708
2016,3,23,LAX,2,0.2436047,141.1576,32952
2016,3,24,LAX,2,0.24423695,140.9332,37140
2016,3,25,LAX,2,0.24268067,147.59619,33567
2016,3,26,LAX,2,0.24029763,147.77979,30440
2016,3,27,LAX,2,0.23626107,141.63525,33493
2016,3,28,LAX,2,0.2354343,141.05743,35416
2016,3,29,LAX,2,0.23635833,140.95822,32909
2016,3,30,LAX,2,0.24034627,141.01825,35976
2016,3,31,LAX,2,0.23630969,141.17621,38604
2016,4,1,LAX,2,0.29170313,149.22762,36937
2016,4,2,LAX,2,0.2877152,149.61792,28957
2016,4,3,LAX,2,0.27526504,142.44156,35922
2016,4,4,LAX,2,0.27263886,142.33043,38039
2016,4,5,LAX,2,0.2729793,142.23433,38304
2016,4,6,LAX,2,0.27302793,142.38902,38354
2016,4,7,LAX,2,0.27137437,142.49739,37013
2016,4,8,LAX,2,0.27020717,149.62656,42274
2016,4,9,LAX,2,0.26816458,149.68893,29167
2016,4,10,LAX,2,0.2667542,142.5322,36317
2016,4,11,LAX,2,0.26636514,142.27126,38539
2016,4,12,LAX,2,0.2669001,142.18735,35840
2016,4,13,LAX,2,0.26719192,142.30595,38006
2016,4,14,LAX,2,0.26563564,142.3353,39595
2016,4,15,LAX,2,0.26490614,149.67006,37691
2016,4,16,LAX,2,0.26476023,149.72292,26875
2016,4,17,LAX,2,0.2629608,142.69653,36055
2016,4,18,LAX,2,0.2631067,142.46819,39264
2016,4,19,LAX,2,0.2633985,142.4417,37551
2016,4,20,LAX,2,0.26262036,142.36723,37687
2016,4,21,LAX,2,0.26155043,142.35182,37904
2016,4,22,LAX,2,0.25994554,149.63219,39367
2016,4,23,LAX,2,0.25877833,149.76688,27828
2016,4,24,LAX,2,0.25775704,142.84569,38459
2016,4,25,LAX,2,0.25824335,142.47134,38245
2016,4,26,LAX,2,0.25858378,142.46494,35782
2016,4,27,LAX,2,0.25955647,142.38089,34108
2016,4,28,LAX,2,0.25979963,142.23048,40674
2016,4,29,LAX,2,0.25838926,149.55505,40132
2016,4,30,LAX,2,0.25576305,149.73018,25299
2016,5,1,LAX,2,0.24992704,143.62796,37915
2016,5,2,LAX,2,0.5757863,143.06798,37815
2016,5,3,LAX,2,0.5326639,144.28679,38685
2016,5,4,LAX,2,0.5091701,144.9685,41165
2016,5,5,LAX,2,0.51644564,144.50427,38148
2016,5,6,LAX,2,0.5275862,151.81735,36585
2016,5,7,LAX,2,0.52068967,151.06079,25125
2016,5,8,LAX,2,0.4779083,144.25954,33585
2016,5,9,LAX,2,0.4607806,144.45369,37728
2016,5,10,LAX,2,0.45820385,144.43677,37334
2016,5,11,LAX,2,0.4684729,143.36687,39294
2016,5,12,LAX,2,0.49310344,141.81154,40204
2016,5,13,LAX,2,0.5089428,148.38553,37224
2016,5,14,LAX,2,0.503903,148.33693,26882
2016,5,15,LAX,2,0.4585449,143.3623,35456
2016,5,16,LAX,2,0.43759,143.93236,37264
2016,5,17,LAX,2,0.43012506,143.89455,36121
2016,5,18,LAX,2,0.43611217,144.12143,37790
2016,5,19,LAX,2,0.44289503,143.89906,36669
2016,5,20,LAX,2,0.45517242,150.36813,37788
2016,5,21,LAX,2,0.4540356,150.11813,26411
2016,5,22,LAX,2,0.43057975,144.3207,35432
2016,5,23,LAX,2,0.4176582,144.7373,40010
2016,5,24,LAX,2,0.4093975,144.56525,37688
2016,5,25,LAX,2,0.41030693,144.49608,38842
2016,5,26,LAX,2,0.4176582,144.5594,41836
2016,5,27,LAX,2,0.43452066,150.80728,39295
2016,5,28,LAX,2,0.44172034,150.58087,24728
2016,5,29,LAX,2,0.42732096,144.94177,27798
2016,5,30,LAX,2,0.39931792,145.45628,35767
2016,5,31,LAX,2,0.37923455,144.66957,36495
2016,6,1,LAX,2,0.37991664,145.67154,39976
2016,6,2,LAX,2,0.3873437,145.38039,39553
2016,6,3,LAX,2,0.39586964,151.5534,40561
2016,6,4,LAX,2,0.39848426,151.81265,25860
2016,6,5,LAX,2,0.38082606,146.46396,36808
2016,6,6,LAX,2,0.3740432,146.62758,42436
2016,6,7,LAX,2,0.3729822,146.27733,37601
2016,6,8,LAX,2,0.37718832,146.04047,34818
2016,6,9,LAX,2,0.38946572,145.88127,41145
2016,6,10,LAX,2,0.39965895,151.63057,40709
2016,6,11,LAX,2,0.40348616,151.574,31252
2016,6,12,LAX,2,0.39022356,147.06711,38048
2016,6,13,LAX,2,0.38423645,147.216,43319
2016,6,14,LAX,2,0.3794619,147.34734,38101
2016,6,15,LAX,2,0.37908298,147.68297,40373
2016,6,16,LAX,2,0.3807124,147.773,39845
2016,6,17,LAX,2,0.3762789,152.92169,41027
2016,6,18,LAX,2,0.37192118,152.91946,33695
2016,6,19,LAX,2,0.3602122,147.42543,38173
2016,6,20,LAX,2,0.35657445,147.25577,43749
2016,6,21,LAX,2,0.3569913,147.41664,40470
2016,6,22,LAX,2,0.35839334,147.21126,41030
2016,6,23,LAX,2,0.364191,146.92645,41669
2016,6,24,LAX,2,0.37097386,152.10939,40458
2016,6,25,LAX,2,0.3718454,152.14291,31938
2016,6,26,LAX,2,0.36051536,146.77904,35417
2016,6,27,LAX,2,0.35214096,146.91718,38273
2016,6,28,LAX,2,0.35054946,146.78558,40115
2016,6,29,LAX,2,0.35221675,146.63785,40030
2016,6,30,LAX,2,0.36604774,146.79785,39776
2016,7,1,LAX,2,0.37658203,152.39516,42903
2016,7,2,LAX,2,0.3807124,152.04405,31715
2016,7,3,LAX,2,0.6991084,147.40479,34514
2016,7,4,LAX,2,0.6264062,147.12228,32198
2016,7,5,LAX,2,0.5684837,148.83131,43515
2016,7,6,LAX,2,0.56037575,148.26228,42836
2016,7,7,LAX,2,0.568753,146.64368,41052
2016,7,8,LAX,2,0.5763224,152.1401,40918
2016,7,9,LAX,2,0.57285184,151.95728,33089
2016,7,10,LAX,2,0.54003114,146.8314,38618
2016,7,11,LAX,2,0.5308162,145.972,43790
2016,7,12,LAX,2,0.5307863,145.26424,41904
2016,7,13,LAX,2,0.535663,144.93538,42663
2016,7,14,LAX,2,0.5449677,144.4625,43370
2016,7,15,LAX,2,0.5501436,149.50618,44246
2016,7,16,LAX,2,0.54604477,149.47084,35757
2016,7,17,LAX,2,0.52193034,145.08286,41053
2016,7,18,LAX,2,0.5154081,144.8619,43715
2016,7,19,LAX,2,0.51328385,144.75043,40518
2016,7,20,LAX,2,0.5163056,144.40497,40981
2016,7,21,LAX,2,0.52575994,143.37202,41039
2016,7,22,LAX,2,0.5341072,147.3347,41090
2016,7,23,LAX,2,0.5308461,147.29066,33906
2016,7,24,LAX,2,0.50694114,143.26129,40035
2016,7,25,LAX,2,0.4945249,144.96188,39561
2016,7,26,LAX,2,0.48976782,144.91702,40145
2016,7,27,LAX,2,0.49174246,144.81651,42781
2016,7,28,LAX,2,0.49832454,144.41371,44533
2016,7,29,LAX,2,0.50365007,149.17891,43445
2016,7,30,LAX,2,0.5043083,149.50658,36590
2016,7,31,LAX,2,0.48162997,144.55951,44181
2016,8,1,LAX,2,0.46547392,144.58546,43512
2016,8,2,LAX,2,0.485616,144.82265,42793
2016,8,3,LAX,2,0.66907907,144.11052,42763
2016,8,4,LAX,2,0.6494945,143.76114,44288
2016,8,5,LAX,2,0.64872104,149.06479,43994
2016,8,6,LAX,2,0.6397437,148.81844,35599
2016,8,7,LAX,2,0.5976742,144.24057,42199
2016,8,8,LAX,2,0.5766256,143.71794,40440
2016,8,9,LAX,2,0.56778634,143.94255,37433
2016,8,10,LAX,2,0.5643611,144.68068,40413
2016,8,11,LAX,2,0.56869787,143.99078,42505
2016,8,12,LAX,2,0.5762113,149.47784,43492
2016,8,13,LAX,2,0.57063144,149.31337,34138
2016,8,14,LAX,2,0.5322634,144.92801,41501
2016,8,15,LAX,2,0.5180101,144.32953,41408
2016,8,16,LAX,2,0.5104414,144.80872,42895
2016,8,17,LAX,2,0.510911,144.58386,43710
2016,8,18,LAX,2,0.51823103,145.23737,43925
2016,8,19,LAX,2,0.5225402,150.28967,44651
2016,8,20,LAX,2,0.512375,151.07019,33839
2016,8,21,LAX,2,0.47815037,147.26085,40741
2016,8,22,LAX,2,0.4616872,146.83719,42958
2016,8,23,LAX,2,0.4537042,147.34358,43198
2016,8,24,LAX,2,0.45091432,147.6303,37783
2016,8,25,LAX,2,0.45654938,148.11401,44498
2016,8,26,LAX,2,0.4680957,153.42314,41942
2016,8,27,LAX,2,0.46632782,154.06807,30170
2016,8,28,LAX,2,0.442296,149.2203,41617
2016,8,29,LAX,2,0.42066738,149.37663,43546
2016,8,30,LAX,2,0.4103088,149.43582,44320
2016,8,31,LAX,2,0.400558,148.95789,41241
2016,9,1,LAX,2,0.40019888,148.57161,41012
2016,9,2,LAX,2,0.4088172,153.75096,40237
2016,9,3,LAX,2,0.4114966,154.03952,28504
2016,9,4,LAX,2,0.39484006,149.19751,31121
2016,9,5,LAX,2,0.37815592,149.40308,37858
2016,9,6,LAX,2,0.37017292,148.6908,39696
2016,9,7,LAX,2,0.3685708,148.26677,37696
2016,9,8,LAX,2,0.37379152,147.82916,39786
2016,9,9,LAX,2,0.37613943,153.31844,37091
2016,9,10,LAX,2,0.37528312,153.39175,29147
2016,9,11,LAX,2,0.3648141,148.0822,38133
2016,9,12,LAX,2,0.35846087,148.17456,40691
2016,9,13,LAX,2,0.3558367,148.08653,38319
2016,9,14,LAX,2,0.3571626,147.95367,40847
2016,9,15,LAX,2,0.35818464,147.50618,39752
2016,9,16,LAX,2,0.36183083,152.44354,38993
2016,9,17,LAX,2,0.36086404,152.48224,29739
2016,9,18,LAX,2,0.35033977,147.23802,36870
2016,9,19,LAX,2,0.3448152,147.4918,37369
2016,9,20,LAX,2,0.34111375,147.62944,35182
2016,9,21,LAX,2,0.34089276,147.48941,34470
2016,9,22,LAX,2,0.34293684,147.24992,41189
2016,9,23,LAX,2,0.34462184,152.52136,41967
2016,9,24,LAX,2,0.3427711,152.48001,29883
2016,9,25,LAX,2,0.33346224,146.9489,34116
2016,9,26,LAX,2,0.32956743,146.69073,38567
2016,9,27,LAX,2,0.32688802,146.8366,37602
2016,9,28,LAX,2,0.32542402,146.63396,39897
2016,9,29,LAX,2,0.32705376,146.37373,40168
2016,9,30,LAX,2,0.32567263,151.5848,38877
2016,10,1,LAX,2,0.3324402,151.42061,28941
2016,10,2,LAX,2,0.32252362,145.65077,35292
2016,10,3,LAX,2,0.32139108,145.65437,40559
2016,10,4,LAX,2,0.3210596,145.59892,39382
2016,10,5,LAX,2,0.3209491,145.61514,38671
2016,10,6,LAX,2,0.3218883,145.39288,37187
2016,10,7,LAX,2,0.32064527,151.51439,38403
2016,10,8,LAX,2,0.3205624,151.6358,27772
2016,10,9,LAX,2,0.31465113,146.00339,37818
2016,10,10,LAX,2,0.3110878,145.99559,36808
2016,10,11,LAX,2,0.3080769,145.97952,37015
2016,10,12,LAX,2,0.30780068,145.914,38770
2016,10,13,LAX,2,0.30973426,145.5121,41384
2016,10,14,LAX,2,0.30827028,151.38579,36650
2016,10,15,LAX,2,0.306972,151.5461,26666
2016,10,16,LAX,2,0.30183417,145.86069,35274
2016,10,17,LAX,2,0.2990995,145.72723,38229
2016,10,18,LAX,2,0.29827082,145.69576,38346
2016,10,19,LAX,2,0.298989,145.52542,36118
2016,10,20,LAX,2,0.3003149,145.4555,38699
2016,10,21,LAX,2,0.30037016,151.14107,36012
2016,10,22,LAX,2,0.29965195,151.25432,27133
2016,10,23,LAX,2,0.2948732,145.53908,35206
2016,10,24,LAX,2,0.2918347,145.24153,37466
2016,10,25,LAX,2,0.28987348,145.16454,37090
2016,10,26,LAX,2,0.28840947,145.21564,35295
2016,10,27,LAX,2,0.28846473,145.3667,36535
2016,10,28,LAX,2,0.2888238,151.30133,38655
2016,10,29,LAX,2,0.29039833,151.46872,27708
2016,10,30,LAX,2,0.28639302,145.81644,35895
2016,10,31,LAX,2,0.31796587,146.43651,30764
2016,11,1,LAX,2,0.36000773,146.78705,36711
2016,11,2,LAX,2,0.35895807,146.70677,33864
2016,11,3,LAX,2,0.3611955,146.20811,38079
2016,11,4,LAX,2,0.36100215,151.94968,37620
2016,11,5,LAX,2,0.36064306,152.13246,27178
2016,11,6,LAX,2,0.355008,146.74973,35043
2016,11,7,LAX,2,0.3524667,146.72784,36465
2016,11,8,LAX,2,0.35091984,146.84462,30916
2016,11,9,LAX,2,0.34967682,146.8332,37191
2016,11,10,LAX,2,0.3508646,146.74596,38664
2016,11,11,LAX,2,0.3510027,152.733,36595
2016,11,12,LAX,2,0.3501188,152.68164,28237
2016,11,13,LAX,2,0.3482128,146.67842,33760
2016,11,14,LAX,2,0.34912437,146.42036,34397
2016,11,15,LAX,2,0.35155517,146.26701,34689
2016,11,16,LAX,2,0.35525662,146.57997,37314
2016,11,17,LAX,2,0.35868183,146.9901,37107
2016,11,18,LAX,2,0.35915142,152.87238,37945
2016,11,19,LAX,2,0.35928956,152.8782,30631
2016,11,20,LAX,2,0.3523286,147.05945,30145
2016,11,21,LAX,2,0.35000828,146.57231,32378
2016,11,22,LAX,2,0.35058835,146.55585,37191
2016,11,23,LAX,2,0.35373735,147.28441,33798
2016,11,24,LAX,2,0.35495275,147.78246,25387
2016,11,25,LAX,2,0.35285345,153.24936,28066
2016,11,26,LAX,2,0.3490415,153.78278,33968
2016,11,27,LAX,2,0.3452848,147.95709,40448
2016,11,28,LAX,2,0.342633,147.00484,37194
2016,11,29,LAX,2,0.3420253,146.78648,32013
2016,11,30,LAX,2,0.34025744,146.84315,36214
2016,12,1,LAX,2,0.33882105,146.99306,37775
2016,12,2,LAX,2,0.33774376,153.81155,37179
2016,12,3,LAX,2,0.33743992,153.84183,27667
2016,12,4,LAX,2,0.33600354,146.95824,32434
2016,12,5,LAX,2,0.3359483,146.67517,36493
2016,12,6,LAX,2,0.33567205,146.71896,34513
2016,12,7,LAX,2,0.33545107,146.67616,33356
2016,12,8,LAX,2,0.3355892,146.7686,31771
2016,12,9,LAX,2,0.33442903,153.49446,35431
2016,12,10,LAX,2,0.33409756,153.55437,26230
2016,12,11,LAX,2,0.33335176,146.93022,33840
2016,12,12,LAX,2,0.3335175,146.73537,36245
2016,12,13,LAX,2,0.33332413,146.76006,33594
2016,12,14,LAX,2,0.3331584,146.82288,36728
2016,12,15,LAX,2,0.33288217,147.19324,35866
2016,12,16,LAX,2,0.33260593,154.09392,38128
2016,12,17,LAX,2,0.33288217,154.26234,29614
2016,12,18,LAX,2,0.33263355,148.23402,34309
2016,12,19,LAX,2,0.33354512,148.14905,38454
2016,12,20,LAX,2,0.3341252,148.36298,39424
2016,12,21,LAX,2,0.33528534,148.31242,36434
2016,12,22,LAX,2,0.33685985,148.5548,38008
2016,12,23,LAX,2,0.33951163,155.07767,36472
2016,12,24,LAX,2,0.34169382,155.49472,26524
2016,12,25,LAX,2,0.34221867,149.60643,29867
2016,12,26,LAX,2,0.34271586,148.57974,38283
2016,12,27,LAX,2,0.34097564,148.50998,37362
2016,12,28,LAX,2,0.33951163,148.6965,40445
2016,12,29,LAX,2,0.33998123,149.23114,38903
2016,12,30,LAX,2,0.3444561,155.83511,37946
2016,12,31,LAX,2,0.34426275,156.64244,27415
2017,1,1,LAX,2,0.35109356,152.18901,35008
2017,1,2,LAX,2,0.35121328,151.00615,37016
2017,1,3,LAX,2,0.34760538,150.22733,38369
2017,1,4,LAX,2,0.34460407,149.72383,35720
2017,1,5,LAX,2,0.3436143,149.63464,35495
2017,1,6,LAX,2,0.34230524,155.23293,38232
2017,1,7,LAX,2,0.34176245,155.31694,28582
2017,1,8,LAX,2,0.3408046,149.10403,30317
2017,1,9,LAX,2,0.3411558,148.78885,34528
2017,1,10,LAX,2,0.34112388,148.76483,33404
2017,1,11,LAX,2,0.3411558,148.65137,32256
2017,1,12,LAX,2,0.34150702,148.6699,34891
2017,1,13,LAX,2,0.34051725,154.63524,35040
2017,1,14,LAX,2,0.34010217,154.7502,25028
2017,1,15,LAX,2,0.3393359,148.90382,26473
2017,1,16,LAX,2,0.3392082,148.82446,35788
2017,1,17,LAX,2,0.3393359,148.8134,33560
2017,1,18,LAX,2,0.33901662,148.80602,33278
2017,1,19,LAX,2,0.3386973,148.92459,33286
2017,1,20,LAX,2,0.3382503,154.82529,37026
2017,1,21,LAX,2,0.3379949,154.77664,24430
2017,1,22,LAX,2,0.33748403,148.6973,28841
2017,1,23,LAX,2,0.33738825,148.56816,34138
2017,1,24,LAX,2,0.3371009,148.60495,34841
2017,1,25,LAX,2,0.3369732,148.61557,35072
2017,1,26,LAX,2,0.33716476,148.71199,38412
2017,1,27,LAX,2,0.33681354,154.54543,37306
2017,1,28,LAX,2,0.33614305,154.62169,24914
2017,1,29,LAX,2,0.35823753,148.94438,29429
2017,1,30,LAX,2,0.38853768,148.4349,33886
2017,1,31,LAX,2,0.3882184,148.57643,33058
2017,2,1,LAX,2,0.38786718,148.45978,32424
2017,2,2,LAX,2,0.3873244,148.59648,32834
2017,2,3,LAX,2,0.38697317,154.50494,34964
2017,2,4,LAX,2,0.38716474,154.46062,23956
2017,2,5,LAX,2,0.38662195,148.5157,28133
2017,2,6,LAX,2,0.38700512,148.28564,32186
2017,2,7,LAX,2,0.3871967,148.22888,35832
2017,2,8,LAX,2,0.38706896,148.28708,35782
2017,2,9,LAX,2,0.38697317,148.39755,33821
2017,2,10,LAX,2,0.38671777,154.40317,34643
2017,2,11,LAX,2,0.38659003,154.41812,23977
2017,2,12,LAX,2,0.38649425,148.57788,31446
2017,2,13,LAX,2,0.38668582,148.4666,31979
2017,2,14,LAX,2,0.38694125,148.34784,29411
2017,2,15,LAX,2,0.3866539,148.36377,35913
2017,2,16,LAX,2,0.38668582,148.54288,35486
2017,2,17,LAX,2,0.38694125,154.37738,30038
2017,2,18,LAX,2,0.38694125,154.33774,28047
2017,2,19,LAX,2,0.38649425,148.40327,30434
2017,2,20,LAX,2,0.38636655,148.26099,34470
2017,2,21,LAX,2,0.3862069,148.17468,38638
2017,2,22,LAX,2,0.3862069,148.058,36469
2017,2,23,LAX,2,0.3860792,148.32796,37355
2017,2,24,LAX,2,0.3857599,154.16072,35905
2017,2,25,LAX,2,0.38550448,154.2324,24737
2017,2,26,LAX,2,0.38537675,148.35542,31115
2017,2,27,LAX,2,0.38588762,148.25569,34744
2017,2,28,LAX,2,0.38531289,148.26843,33618
2016,3,1,SFO,3,0.44529805,197.05617,30277
2016,3,2,SFO,3,0.44472897,197.38202,27454
2016,3,3,SFO,3,0.44458672,197.08171,31799
2016,3,4,SFO,3,0.44060323,202.48119,32488
2016,3,5,SFO,3,0.43818465,202.2745,21839
2016,3,6,SFO,3,0.4305022,196.03922,31360
2016,3,7,SFO,3,0.4305022,195.25806,32890
2016,3,8,SFO,3,0.42979085,195.20259,30769
2016,3,9,SFO,3,0.4292218,195.20589,30374
2016,3,10,SFO,3,0.4292218,195.49426,29570
2016,3,11,SFO,3,0.42822593,201.90445,29658
2016,3,12,SFO,3,0.42907953,201.16023,21870
2016,3,13,SFO,3,0.43078673,195.86879,28852
2016,3,14,SFO,3,0.43306303,196.28783,31205
2016,3,15,SFO,3,0.43249395,196.70168,31844
2016,3,16,SFO,3,0.43263623,197.19434,34580
2016,3,17,SFO,3,0.4317826,197.53555,32966
2016,3,18,SFO,3,0.4300754,202.20993,32329
2016,3,19,SFO,3,0.4292218,201.88708,26608
2016,3,20,SFO,3,0.4296486,195.65752,31259
2016,3,21,SFO,3,0.42822593,195.51381,31597
2016,3,22,SFO,3,0.4269455,195.26167,30593
2016,3,23,SFO,3,0.4262342,195.65112,30983
2016,3,24,SFO,3,0.42580736,196.12958,33251
2016,3,25,SFO,3,0.4252383,202.40791,33223
2016,3,26,SFO,3,0.4226775,203.01996,26506
2016,3,27,SFO,3,0.42196614,197.01625,30152
2016,3,28,SFO,3,0.42281973,196.47966,30582
2016,3,29,SFO,3,0.4226775,196.44283,30169
2016,3,30,SFO,3,0.4226775,197.2659,30221
2016,3,31,SFO,3,0.4226775,197.68654,33330
2016,4,1,SFO,3,0.42139706,204.53258,35043
2016,4,2,SFO,3,0.41968986,203.3572,24275
2016,4,3,SFO,3,0.41399914,197.63632,34199
2016,4,4,SFO,3,0.41172287,196.83676,35513
2016,4,5,SFO,3,0.410727,196.55673,34658
2016,4,6,SFO,3,0.40958884,197.04964,36857
2016,4,7,SFO,3,0.40930432,197.46387,35564
2016,4,8,SFO,3,0.40773937,203.07062,38024
2016,4,9,SFO,3,0.40688577,203.29,29790
2016,4,10,SFO,3,0.40660122,197.68304,37781
2016,4,11,SFO,3,0.40660122,197.79333,38236
2016,4,12,SFO,3,0.40688577,197.76805,36497
2016,4,13,SFO,3,0.40745482,198.3808,37285
2016,4,14,SFO,3,0.4067435,199.23788,38165
2016,4,15,SFO,3,0.40475175,204.99426,35141
2016,4,16,SFO,3,0.40532082,204.86867,26673
2016,4,17,SFO,3,0.40532082,198.87799,31932
2016,4,18,SFO,3,0.40347132,198.19055,36870
2016,4,19,SFO,3,0.40389815,198.45561,36666
2016,4,20,SFO,3,0.40304452,198.91826,38189
2016,4,21,SFO,3,0.40176412,198.64542,38394
2016,4,22,SFO,3,0.40091053,204.32297,38519
2016,4,23,SFO,3,0.4000569,204.15367,28664
2016,4,24,SFO,3,0.4000569,198.28125,36933
2016,4,25,SFO,3,0.40162185,198.24655,38483
2016,4,26,SFO,3,0.40105277,198.24252,33839
2016,4,27,SFO,3,0.40034145,198.41281,33872
2016,4,28,SFO,3,0.3996301,198.77986,37372
2016,4,29,SFO,3,0.43861148,203.5811,38666
2016,4,30,SFO,3,0.43775785,203.66902,27524
2016,5,1,SFO,3,0.43277848,197.83873,35496
2016,5,2,SFO,3,0.43220943,197.59584,39230
2016,5,3,SFO,3,0.43107128,199.21605,34321
2016,5,4,SFO,3,0.43107128,200.01526,39130
2016,5,5,SFO,3,0.4300754,200.59087,37203
2016,5,6,SFO,3,0.42936406,205.55872,34666
2016,5,7,SFO,3,0.42936406,204.05833,27410
2016,5,8,SFO,3,0.42893726,198.25885,35553
2016,5,9,SFO,3,0.42907953,197.99153,37474
2016,5,10,SFO,3,0.42936406,197.80205,36669
2016,5,11,SFO,3,0.43035993,198.61314,34485
2016,5,12,SFO,3,0.4300754,198.38766,37743
2016,5,13,SFO,3,0.4300754,204.41039,37672
2016,5,14,SFO,3,0.43078673,205.94977,28128
2016,5,15,SFO,3,0.43035993,201.61163,33505
2016,5,16,SFO,3,0.42936406,200.28297,38643
2016,5,17,SFO,3,0.42879498,198.68045,38873
2016,5,18,SFO,3,0.42836818,198.13042,35127
2016,5,19,SFO,3,0.4277991,198.5905,37292
2016,5,20,SFO,3,0.42808366,203.98483,39538
2016,5,21,SFO,3,0.4273723,203.8087,27950
2016,5,22,SFO,3,0.4269455,199.285,36827
2016,5,23,SFO,3,0.42580736,200.46754,37913
2016,5,24,SFO,3,0.42552283,198.65404,37375
2016,5,25,SFO,3,0.42552283,198.71892,34509
2016,5,26,SFO,3,0.42466924,199.30045,37397
2016,5,27,SFO,3,0.42452696,204.62645,34858
2016,5,28,SFO,3,0.42395788,204.56459,27959
2016,5,29,SFO,3,0.42324656,199.36902,25434
2016,5,30,SFO,3,0.42239293,198.62167,35445
2016,5,31,SFO,3,0.4222507,198.50233,36162
2016,6,1,SFO,3,0.5173659,198.78746,33635
2016,6,2,SFO,3,0.6997387,197.32143,36200
2016,6,3,SFO,3,0.69532305,209.79355,38393
2016,6,4,SFO,3,0.7007299,210.22162,27215
2016,6,5,SFO,3,0.7027124,206.46196,35625
2016,6,6,SFO,3,0.71767145,203.33865,38869
2016,6,7,SFO,3,0.7229882,202.73488,36010
2016,6,8,SFO,3,0.7177616,201.85919,34763
2016,6,9,SFO,3,0.699198,203.14859,40194
2016,6,10,SFO,3,0.6937911,208.8193,39817
2016,6,11,SFO,3,0.6954132,209.09557,33252
2016,6,12,SFO,3,0.6958637,205.60178,38651
2016,6,13,SFO,3,0.70091015,203.89575,38445
2016,6,14,SFO,3,0.706317,205.53421,38232
2016,6,15,SFO,3,0.70956117,206.63109,39620
2016,6,16,SFO,3,0.70775884,209.44218,41583
2016,6,17,SFO,3,0.6885645,214.34085,41097
2016,6,18,SFO,3,0.6679283,214.89417,36063
2016,6,19,SFO,3,0.6481932,207.06609,40767
2016,6,20,SFO,3,0.6436875,205.36748,45283
2016,6,21,SFO,3,0.65305936,206.09377,42634
2016,6,22,SFO,3,0.65990806,208.22417,42586
2016,6,23,SFO,3,0.66594577,207.95792,40876
2016,6,24,SFO,3,0.6745066,217.60216,42328
2016,6,25,SFO,3,0.6729747,217.73932,32528
2016,6,26,SFO,3,0.64612055,212.0792,39399
2016,6,27,SFO,3,0.6282779,208.53697,44340
2016,6,28,SFO,3,0.61791474,206.8941,42305
2016,6,29,SFO,3,0.6118771,206.29765,38046
2016,6,30,SFO,3,0.60223484,205.6348,40055
2016,7,1,SFO,3,0.5951158,216.47696,39798
2016,7,2,SFO,3,0.7345824,209.89363,29574
2016,7,3,SFO,3,0.69299275,206.15544,29750
2016,7,4,SFO,3,0.668123,207.33746,34660
2016,7,5,SFO,3,0.65451187,203.18823,37549
2016,7,6,SFO,3,0.6611494,201.62013,37287
2016,7,7,SFO,3,0.6666947,204.00177,41507
2016,7,8,SFO,3,0.67266005,210.7731,39484
2016,7,9,SFO,3,0.67644095,210.54869,31370
2016,7,10,SFO,3,0.68030584,202.38107,39317
2016,7,11,SFO,3,0.6962695,202.00525,43168
2016,7,12,SFO,3,0.70702404,201.97333,41110
2016,7,13,SFO,3,0.70702404,202.08746,39712
2016,7,14,SFO,3,0.6961855,203.20769,42251
2016,7,15,SFO,3,0.6822383,209.51772,42659
2016,7,16,SFO,3,0.6701395,209.52878,32915
2016,7,17,SFO,3,0.6571165,204.68512,39580
2016,7,18,SFO,3,0.6646782,202.14107,39061
2016,7,19,SFO,3,0.6672828,201.35126,41448
2016,7,20,SFO,3,0.6693833,201.69885,39089
2016,7,21,SFO,3,0.6612334,202.56647,38047
2016,7,22,SFO,3,0.6588809,209.84753,38676
2016,7,23,SFO,3,0.6590489,209.33908,29131
2016,7,24,SFO,3,0.6529995,204.17725,37241
2016,7,25,SFO,3,0.65199125,202.4983,40028
2016,7,26,SFO,3,0.650899,202.65631,37211
2016,7,27,SFO,3,0.6564443,201.2245,39180
2016,7,28,SFO,3,0.6645102,201.72728,42672
2016,7,29,SFO,3,0.66879517,209.59438,39925
2016,7,30,SFO,3,0.6693833,208.93546,31020
2016,7,31,SFO,3,0.6448496,202.1902,36100
2016,8,1,SFO,3,0.6361956,203.28914,42468
2016,8,2,SFO,3,0.637792,203.52122,42957
2016,8,3,SFO,3,0.6405646,203.65334,40839
2016,8,4,SFO,3,0.6711477,209.42973,41999
2016,8,5,SFO,3,0.6944211,217.75887,43987
2016,8,6,SFO,3,0.6934969,217.28563,33745
2016,8,7,SFO,3,0.66862714,210.92596,41411
2016,8,8,SFO,3,0.62342465,206.1158,39070
2016,8,9,SFO,3,0.616283,204.60938,38406
2016,8,10,SFO,3,0.61477065,203.94417,38254
2016,8,11,SFO,3,0.61661905,204.66623,42536
2016,8,12,SFO,3,0.6213241,209.39783,40523
2016,8,13,SFO,3,0.6167031,209.21065,30857
2016,8,14,SFO,3,0.60233575,205.20747,39128
2016,8,15,SFO,3,0.6014115,202.49474,41718
2016,8,16,SFO,3,0.599143,202.7051,40763
2016,8,17,SFO,3,0.60241973,202.85715,39220
2016,8,18,SFO,3,0.5974626,202.12398,38858
2016,8,19,SFO,3,0.5924214,206.58916,39432
2016,8,20,SFO,3,0.5847757,207.90308,31882
2016,8,21,SFO,3,0.5736851,203.6088,38310
2016,8,22,SFO,3,0.5711645,203.15184,41273
2016,8,23,SFO,3,0.56965214,202.84518,40138
2016,8,24,SFO,3,0.56914806,202.00722,41015
2016,8,25,SFO,3,0.5715846,203.51343,41878
2016,8,26,SFO,3,0.5672156,209.21025,39159
2016,8,27,SFO,3,0.5576374,208.51756,30150
2016,8,28,SFO,3,0.54805917,203.3324,37827
2016,8,29,SFO,3,0.5425979,201.57587,44135
2016,8,30,SFO,3,0.54511845,202.30698,42934
2016,8,31,SFO,3,0.5437741,200.98012,41024
2016,9,1,SFO,3,0.54688287,202.34192,37252
2016,9,2,SFO,3,0.54831123,208.78311,42289
2016,9,3,SFO,3,0.55032766,209.37817,27308
2016,9,4,SFO,3,0.543018,203.96745,28713
2016,9,5,SFO,3,0.5378928,203.34636,39844
2016,9,6,SFO,3,0.53772473,201.11978,38617
2016,9,7,SFO,3,0.53990924,201.22552,38655
2016,9,8,SFO,3,0.5421778,201.82823,35682
2016,9,9,SFO,3,0.54074943,208.03018,38875
2016,9,10,SFO,3,0.54369015,207.23955,30267
2016,9,11,SFO,3,0.54209375,202.11523,39580
2016,9,12,SFO,3,0.5427659,201.37376,40394
2016,9,13,SFO,3,0.5427659,200.62808,36769
2016,9,14,SFO,3,0.5448664,200.17409,37592
2016,9,15,SFO,3,0.5520921,200.16226,39490
2016,9,16,SFO,3,0.55419254,206.64626,36817
2016,9,17,SFO,3,0.5612502,205.47453,26677
2016,9,18,SFO,3,0.5576374,203.3601,31754
2016,9,19,SFO,3,0.5524282,203.30374,37260
2016,9,20,SFO,3,0.5494875,203.00896,32083
2016,9,21,SFO,3,0.54772305,202.7622,36113
2016,9,22,SFO,3,0.5444463,201.20786,38301
2016,9,23,SFO,3,0.5404974,205.9062,39284
2016,9,24,SFO,3,0.5310032,204.9511,28464
2016,9,25,SFO,3,0.52083683,200.09627,34761
2016,9,26,SFO,3,0.5115947,198.3893,39522
2016,9,27,SFO,3,0.50857,198.38417,38518
2016,9,28,SFO,3,0.50814986,198.34644,37877
2016,9,29,SFO,3,0.5126029,198.44682,38574
2016,9,30,SFO,3,0.5781381,209.0261,38056
2016,10,1,SFO,3,0.5879684,208.57341,28109
2016,10,2,SFO,3,0.59065706,204.12233,35577
2016,10,3,SFO,3,0.6214922,201.37958,38600
2016,10,4,SFO,3,0.6240968,202.09097,38678
2016,10,5,SFO,3,0.6243488,201.5482,40043
2016,10,6,SFO,3,0.62166023,201.64401,37349
2016,10,7,SFO,3,0.5833473,211.52188,41476
2016,10,8,SFO,3,0.5671316,210.3651,24804
2016,10,9,SFO,3,0.55814147,203.60715,38973
2016,10,10,SFO,3,0.55293226,200.30727,38448
2016,10,11,SFO,3,0.55091584,199.71487,36736
2016,10,12,SFO,3,0.5491514,199.28122,39520
2016,10,13,SFO,3,0.54990757,200.04591,38338
2016,10,14,SFO,3,0.5490674,206.15633,35319
2016,10,15,SFO,3,0.5482272,205.94086,26315
2016,10,16,SFO,3,0.54553854,201.84451,37671
2016,10,17,SFO,3,0.54545456,200.85231,41942
2016,10,18,SFO,3,0.543018,200.61427,40222
2016,10,19,SFO,3,0.5426819,200.82657,36546
2016,10,20,SFO,3,0.5434381,201.64833,39049
2016,10,21,SFO,3,0.54411024,207.37596,35939
2016,10,22,SFO,3,0.5441943,207.46175,26690
2016,10,23,SFO,3,0.54242986,202.96217,37662
2016,10,24,SFO,3,0.54125357,201.6456,37116
2016,10,25,SFO,3,0.5378088,201.34993,35066
2016,10,26,SFO,3,0.5361284,201.03604,37652
2016,10,27,SFO,3,0.53545624,201.09694,40945
2016,10,28,SFO,3,0.53243154,207.15454,40640
2016,10,29,SFO,3,0.53209543,207.43365,30181
2016,10,30,SFO,3,0.5297429,201.68036,35845
2016,10,31,SFO,3,0.60331553,201.54704,36945
2016,11,1,SFO,3,0.6064171,198.65979,35140
2016,11,2,SFO,3,0.6053476,197.9496,32440
2016,11,3,SFO,3,0.60652405,197.95978,37870
2016,11,4,SFO,3,0.6018182,205.46387,39394
2016,11,5,SFO,3,0.60053474,205.67577,27465
2016,11,6,SFO,3,0.5951872,198.77199,38591
2016,11,7,SFO,3,0.5976471,198.6688,34704
2016,11,8,SFO,3,0.5972192,198.18321,30947
2016,11,9,SFO,3,0.5959358,197.85442,34067
2016,11,10,SFO,3,0.5945455,198.50383,36239
2016,11,11,SFO,3,0.59165776,205.64746,38775
2016,11,12,SFO,3,0.5905882,205.85214,26831
2016,11,13,SFO,3,0.59090906,199.12654,34216
2016,11,14,SFO,3,0.59101605,197.84859,35651
2016,11,15,SFO,3,0.5906952,197.5354,33723
2016,11,16,SFO,3,0.5901604,198.08325,34932
2016,11,17,SFO,3,0.59090906,198.28235,39069
2016,11,18,SFO,3,0.5880214,205.31645,36096
2016,11,19,SFO,3,0.5871658,205.46321,28521
2016,11,20,SFO,3,0.5873797,199.3095,35539
2016,11,21,SFO,3,0.58759356,199.56535,32961
2016,11,22,SFO,3,0.58962566,200.41335,40812
2016,11,23,SFO,3,0.5900535,202.3149,37658
2016,11,24,SFO,3,0.5905882,202.95586,26349
2016,11,25,SFO,3,0.58962566,208.77612,29446
2016,11,26,SFO,3,0.5881283,208.25449,37736
2016,11,27,SFO,3,0.5857754,201.42009,39409
2016,11,28,SFO,3,0.586738,198.30513,39483
2016,11,29,SFO,3,0.5855615,197.72646,41664
2016,11,30,SFO,3,0.5854545,197.51497,35532
2016,12,1,SFO,3,0.58299464,198.92639,40643
2016,12,2,SFO,3,0.5807487,205.49336,36430
2016,12,3,SFO,3,0.58053476,205.13132,25760
2016,12,4,SFO,3,0.5790374,199.34857,35677
2016,12,5,SFO,3,0.57967913,198.50076,38129
2016,12,6,SFO,3,0.5797861,198.10257,33788
2016,12,7,SFO,3,0.5793583,197.3674,34148
2016,12,8,SFO,3,0.57850266,198.45801,37288
2016,12,9,SFO,3,0.5773262,204.71913,36554
2016,12,10,SFO,3,0.5781818,204.47896,23510
2016,12,11,SFO,3,0.5788235,199.76308,35200
2016,12,12,SFO,3,0.57967913,199.38219,37926
2016,12,13,SFO,3,0.57989305,198.78996,35729
2016,12,14,SFO,3,0.5790374,198.68445,36758
2016,12,15,SFO,3,0.57860965,199.26294,33438
2016,12,16,SFO,3,0.5773262,205.48709,33300
2016,12,17,SFO,3,0.575615,205.53629,29099
2016,12,18,SFO,3,0.57540107,200.5869,33450
2016,12,19,SFO,3,0.5762567,200.15446,34313
2016,12,20,SFO,3,0.575615,200.4138,35759
2016,12,21,SFO,3,0.57582885,200.8989,40386
2016,12,22,SFO,3,0.57721925,201.7703,40959
2016,12,23,SFO,3,0.57614976,207.72546,34639
2016,12,24,SFO,3,0.57529414,207.90985,23989
2016,12,25,SFO,3,0.5748663,203.85559,27537
2016,12,26,SFO,3,0.57401067,202.19835,39824
2016,12,27,SFO,3,0.5736898,201.55418,38188
2016,12,28,SFO,3,0.57251334,201.70929,38106
2016,12,29,SFO,3,0.6211765,202.61774,36895
2016,12,30,SFO,3,0.6220321,209.38597,36334
2016,12,31,SFO,3,0.62213904,211.41948,25615
2017,1,1,SFO,3,0.5899465,203.90532,35276
2017,1,2,SFO,3,0.5895187,200.5925,38827
2017,1,3,SFO,3,0.5901604,199.00209,37595
2017,1,4,SFO,3,0.5891979,198.53554,32180
2017,1,5,SFO,3,0.58877003,199.52692,31695
2017,1,6,SFO,3,0.5884492,205.19542,34823
2017,1,7,SFO,3,0.5893048,204.7849,24037
2017,1,8,SFO,3,0.59283423,200.93065,28057
2017,1,9,SFO,3,0.593369,199.93294,33182
2017,1,10,SFO,3,0.59283423,199.38113,28434
2017,1,11,SFO,3,0.59294116,199.89569,32274
2017,1,12,SFO,3,0.58973265,199.29797,32248
2017,1,13,SFO,3,0.586738,205.83928,31256
2017,1,14,SFO,3,0.586631,205.37283,22277
2017,1,15,SFO,3,0.58631015,200.66133,28709
2017,1,16,SFO,3,0.586631,199.46935,34309
2017,1,17,SFO,3,0.586738,198.66046,31553
2017,1,18,SFO,3,0.58631015,198.63625,29475
2017,1,19,SFO,3,0.58631015,199.55171,31138
2017,1,20,SFO,3,0.5853476,205.20377,34212
2017,1,21,SFO,3,0.5855615,204.90271,22962
2017,1,22,SFO,3,0.58566844,199.96877,27839
2017,1,23,SFO,3,0.5857754,198.74826,33042
2017,1,24,SFO,3,0.58566844,197.92204,28938
2017,1,25,SFO,3,0.5854545,197.4724,29170
2017,1,26,SFO,3,0.58524066,199.2558,34693
2017,1,27,SFO,3,0.58363634,205.2579,30618
2017,1,28,SFO,3,0.5834225,204.92143,21478
2017,1,29,SFO,3,0.58449197,199.9933,27692
2017,1,30,SFO,3,0.5851337,199.3684,34861
2017,1,31,SFO,3,0.58459896,199.2276,30931
2017,2,1,SFO,3,0.5833155,199.11473,29226
2017,2,2,SFO,3,0.58235294,199.60768,27494
2017,2,3,SFO,3,0.5810695,205.10825,29291
2017,2,4,SFO,3,0.5808556,204.48991,22967
2017,2,5,SFO,3,0.5766845,199.91031,25765
2017,2,6,SFO,3,0.5764706,198.82828,26837
2017,2,7,SFO,3,0.57582885,198.86713,28202
2017,2,8,SFO,3,0.57582885,198.23349,32042
2017,2,9,SFO,3,0.57529414,199.15337,28406
2017,2,10,SFO,3,0.57465243,205.84662,35201
2017,2,11,SFO,3,0.5742246,205.59006,23357
2017,2,12,SFO,3,0.57411766,200.62984,30348
2017,2,13,SFO,3,0.5744385,200.15683,33957
2017,2,14,SFO,3,0.5744385,199.81177,28598
2017,2,15,SFO,3,0.57465243,199.63464,29530
2017,2,16,SFO,3,0.5743315,200.22537,37308
2017,2,17,SFO,3,0.5735829,205.8924,38455
2017,2,18,SFO,3,0.57326204,205.88446,26566
2017,2,19,SFO,3,0.57336897,200.77313,33338
2017,2,20,SFO,3,0.5735829,200.18034,34336
2017,2,21,SFO,3,0.5735829,199.42413,38302
2017,2,22,SFO,3,0.57326204,199.45389,34695
2017,2,23,SFO,3,0.5736898,200.67511,34935
2017,2,24,SFO,3,0.57336897,206.12408,37110
2017,2,25,SFO,3,0.57336897,205.95714,26136
2017,2,26,SFO,3,0.5737968,200.9611,34993
2017,2,27,SFO,3,0.57411766,200.13461,39521
2017,2,28,SFO,3,0.57454544,200.14001,35829
2016,3,1,NAS,4,0.23601896,194.68611,5025
2016,3,2,NAS,4,0.23744076,194.9192,4631
2016,3,3,NAS,4,0.23744076,200.45059,5741
2016,3,4,NAS,4,0.23696682,220.21863,6411
2016,3,5,NAS,4,0.23696682,220.89192,3795
2016,3,6,NAS,4,0.22938389,202.66667,3839
2016,3,7,NAS,4,0.23649289,196.51459,5018
2016,3,8,NAS,4,0.23744076,195.46489,4611
2016,3,9,NAS,4,0.2421801,197.88493,5333
2016,3,10,NAS,4,0.24691944,201.86533,5298
2016,3,11,NAS,4,0.25118482,219.77974,6308
2016,3,12,NAS,4,0.24881516,220.00127,5480
2016,3,13,NAS,4,0.22985782,204.54523,4670
2016,3,14,NAS,4,0.23033175,195.75554,6111
2016,3,15,NAS,4,0.22985782,195.20369,4935
2016,3,16,NAS,4,0.23270142,194.91971,5892
2016,3,17,NAS,4,0.23601896,198.84863,5801
2016,3,18,NAS,4,0.23696682,218.85466,5673
2016,3,19,NAS,4,0.2350711,219.16542,4687
2016,3,20,NAS,4,0.22464456,201.51405,4974
2016,3,21,NAS,4,0.22701421,195.72102,5830
2016,3,22,NAS,4,0.22606635,194.79486,5342
2016,3,23,NAS,4,0.22417061,195.37752,4837
2016,3,24,NAS,4,0.22085308,202.28224,5557
2016,3,25,NAS,4,0.22274882,222.19633,6588
2016,3,26,NAS,4,0.22180095,222.595,4647
2016,3,27,NAS,4,0.22369668,203.10135,5977
2016,3,28,NAS,4,0.23080568,196.0875,5367
2016,3,29,NAS,4,0.23080568,194.94885,6243
2016,3,30,NAS,4,0.28957346,197.83589,5408
2016,3,31,NAS,4,0.29099527,203.84158,5652
2016,4,1,NAS,4,0.29336494,225.6613,5189
2016,4,2,NAS,4,0.292891,226.11461,5454
2016,4,3,NAS,4,0.2834123,207.19643,4928
2016,4,4,NAS,4,0.2890995,199.67667,5994
2016,4,5,NAS,4,0.2900474,198.56609,5964
2016,4,6,NAS,4,0.2890995,197.96933,6248
2016,4,7,NAS,4,0.28957346,205.87259,6229
2016,4,8,NAS,4,0.2890995,225.58667,6200
2016,4,9,NAS,4,0.28767774,226.23952,5453
2016,4,10,NAS,4,0.2829384,208.25116,5137
2016,4,11,NAS,4,0.28578198,199.61713,5673
2016,4,12,NAS,4,0.28672987,198.37741,5578
2016,4,13,NAS,4,0.28672987,198.71628,6010
2016,4,14,NAS,4,0.2834123,207.43254,5917
2016,4,15,NAS,4,0.28388625,227.01654,6003
2016,4,16,NAS,4,0.2843602,227.43907,4679
2016,4,17,NAS,4,0.28199053,207.49901,6231
2016,4,18,NAS,4,0.28578198,200.40479,6198
2016,4,19,NAS,4,0.28483412,199.03976,6051
2016,4,20,NAS,4,0.2843602,198.37749,7146
2016,4,21,NAS,4,0.28483412,206.02518,5275
2016,4,22,NAS,4,0.28625593,225.81938,6170
2016,4,23,NAS,4,0.28625593,226.43294,3883
2016,4,24,NAS,4,0.28246444,207.8276,5243
2016,4,25,NAS,4,0.28530806,199.94165,5515
2016,4,26,NAS,4,0.28483412,198.95891,4980
2016,4,27,NAS,4,0.2872038,199.24002,6459
2016,4,28,NAS,4,0.2872038,206.17021,5911
2016,4,29,NAS,4,0.29383886,226.95638,4851
2016,4,30,NAS,4,0.292891,227.68968,4777
2016,5,1,NAS,4,0.28246444,209.99736,4740
2016,5,2,NAS,4,0.28625593,200.47742,6433
2016,5,3,NAS,4,0.28530806,199.46153,5788
2016,5,4,NAS,4,0.2872038,199.28723,5737
2016,5,5,NAS,4,0.28672987,207.63322,4485
2016,5,6,NAS,4,0.2872038,228.34973,6210
2016,5,7,NAS,4,0.2872038,229.47473,4512
2016,5,8,NAS,4,0.28483412,209.96289,6158
2016,5,9,NAS,4,0.28672987,202.74684,5777
2016,5,10,NAS,4,0.28767774,202.23952,5703
2016,5,11,NAS,4,0.30663508,199.88039,4578
2016,5,12,NAS,4,0.3165877,206.64355,5279
2016,5,13,NAS,4,0.31516588,225.6083,4542
2016,5,14,NAS,4,0.29905212,226.86275,4197
2016,5,15,NAS,4,0.28151658,210.77704,5774
2016,5,16,NAS,4,0.28530806,201.1817,5689
2016,5,17,NAS,4,0.2829384,200.07072,5589
2016,5,18,NAS,4,0.2829384,200.25314,5189
2016,5,19,NAS,4,0.2843602,206.10463,5394
2016,5,20,NAS,4,0.28578198,225.51758,6168
2016,5,21,NAS,4,0.28483412,226.17097,4099
2016,5,22,NAS,4,0.28151658,208.22493,5297
2016,5,23,NAS,4,0.2829384,201.10773,5545
2016,5,24,NAS,4,0.28199053,199.29836,5106
2016,5,25,NAS,4,0.28199053,199.49242,4487
2016,5,26,NAS,4,0.28151658,206.94789,6127
2016,5,27,NAS,4,0.2834123,228.94048,5416
2016,5,28,NAS,4,0.28199053,229.66798,4046
2016,5,29,NAS,4,0.28199053,211.16832,3583
2016,5,30,NAS,4,0.28151658,203.42744,4534
2016,5,31,NAS,4,0.27677724,200.53801,5354
2016,6,1,NAS,4,0.28104267,201.86882,5734
2016,6,2,NAS,4,0.2791469,210.34122,5676
2016,6,3,NAS,4,0.28199053,230.64621,3912
2016,6,4,NAS,4,0.28104267,232.26697,4366
2016,6,5,NAS,4,0.27962086,218.66447,5824
2016,6,6,NAS,4,0.30094787,216.1261,6491
2016,6,7,NAS,4,0.31800947,219.00835,6423
2016,6,8,NAS,4,0.37298578,234.54195,5042
2016,6,9,NAS,4,0.39478672,225.79248,7480
2016,6,10,NAS,4,0.39478672,228.20517,6599
2016,6,11,NAS,4,0.39383885,228.37216,4331
2016,6,12,NAS,4,0.3886256,223.90465,8130
2016,6,13,NAS,4,0.30947867,222.1709,8612
2016,6,14,NAS,4,0.27725118,210.00722,7357
2016,6,15,NAS,4,0.2734597,208.73254,7899
2016,6,16,NAS,4,0.27203792,211.80403,7115
2016,6,17,NAS,4,0.27251184,230.35179,7271
2016,6,18,NAS,4,0.27156398,230.7417,5874
2016,6,19,NAS,4,0.26824644,212.22539,6587
2016,6,20,NAS,4,0.27014217,204.57597,7411
2016,6,21,NAS,4,0.2691943,203.50908,7668
2016,6,22,NAS,4,0.26824644,203.52267,8547
2016,6,23,NAS,4,0.2706161,209.0221,6994
2016,6,24,NAS,4,0.2729858,228.64342,6819
2016,6,25,NAS,4,0.2706161,228.92462,5161
2016,6,26,NAS,4,0.26398104,210.77979,7170
2016,6,27,NAS,4,0.26113743,204.8095,7850
2016,6,28,NAS,4,0.25687203,204.0644,7848
2016,6,29,NAS,4,0.25402844,204.57306,7373
2016,6,30,NAS,4,0.25165877,212.44205,7129
2016,7,1,NAS,4,0.25308058,228.57361,8446
2016,7,2,NAS,4,0.25308058,229.17639,5222
2016,7,3,NAS,4,0.24976303,212.3525,5356
2016,7,4,NAS,4,0.25023696,209.24905,5386
2016,7,5,NAS,4,0.24597156,204.88373,6880
2016,7,6,NAS,4,0.24597156,205.51288,7289
2016,7,7,NAS,4,0.2450237,209.44507,6700
2016,7,8,NAS,4,0.24549763,228.71106,6819
2016,7,9,NAS,4,0.24360189,229.43672,5638
2016,7,10,NAS,4,0.2421801,210.90369,7807
2016,7,11,NAS,4,0.24265403,206.301,7149
2016,7,12,NAS,4,0.2421801,205.15572,6102
2016,7,13,NAS,4,0.2421801,205.49532,7666
2016,7,14,NAS,4,0.2407583,208.90886,7401
2016,7,15,NAS,4,0.24028435,228.09045,8387
2016,7,16,NAS,4,0.24028435,228.65689,5999
2016,7,17,NAS,4,0.24170616,210.52875,6449
2016,7,18,NAS,4,0.2421801,206.45404,8253
2016,7,19,NAS,4,0.24170616,205.4375,7260
2016,7,20,NAS,4,0.2407583,205.76529,6495
2016,7,21,NAS,4,0.23933649,207.33272,5177
2016,7,22,NAS,4,0.23838863,228.4499,5535
2016,7,23,NAS,4,0.23649289,228.49783,4662
2016,7,24,NAS,4,0.2379147,210.07463,6265
2016,7,25,NAS,4,0.24360189,204.96805,7882
2016,7,26,NAS,4,0.26255924,201.06941,7772
2016,7,27,NAS,4,0.30995262,197.38393,7714
2016,7,28,NAS,4,0.31800947,197.72272,6705
2016,7,29,NAS,4,0.31753555,211.49097,6004
2016,7,30,NAS,4,0.31469193,211.35962,4585
2016,7,31,NAS,4,0.2507109,207.33966,7070
2016,8,1,NAS,4,0.23270142,205.09512,7741
2016,8,2,NAS,4,0.23222749,204.59198,6948
2016,8,3,NAS,4,0.23175356,204.81369,7863
2016,8,4,NAS,4,0.22985782,206.00923,7857
2016,8,5,NAS,4,0.22748815,225.7595,7065
2016,8,6,NAS,4,0.22654028,226.45589,5944
2016,8,7,NAS,4,0.22369668,207.54213,5044
2016,8,8,NAS,4,0.22369668,205.38156,5188
2016,8,9,NAS,4,0.22274882,203.90793,4130
2016,8,10,NAS,4,0.22322275,203.78706,6811
2016,8,11,NAS,4,0.22227488,205.51189,7155
2016,8,12,NAS,4,0.22085308,225.15816,5981
2016,8,13,NAS,4,0.22037914,225.05836,3674
2016,8,14,NAS,4,0.21943128,206.88707,6060
2016,8,15,NAS,4,0.21990521,204.67923,6159
2016,8,16,NAS,4,0.21943128,203.46327,6706
2016,8,17,NAS,4,0.21895735,203.68446,6600
2016,8,18,NAS,4,0.21800947,205.3806,5830
2016,8,19,NAS,4,0.21658768,225.0859,5415
2016,8,20,NAS,4,0.21658768,225.04175,3945
2016,8,21,NAS,4,0.21611375,206.46857,5940
2016,8,22,NAS,4,0.21800947,204.26848,6458
2016,8,23,NAS,4,0.21658768,203.0496,6330
2016,8,24,NAS,4,0.21658768,203.14761,5689
2016,8,25,NAS,4,0.21516588,204.70108,5778
2016,8,26,NAS,4,0.214218,224.27382,5828
2016,8,27,NAS,4,0.21516588,223.71317,3843
2016,8,28,NAS,4,0.21658768,205.52692,5144
2016,8,29,NAS,4,0.21658768,203.67453,6490
2016,8,30,NAS,4,0.21658768,202.76709,5358
2016,8,31,NAS,4,0.21563981,203.0846,5324
2016,9,1,NAS,4,0.21706161,204.55327,6466
2016,9,2,NAS,4,0.21611375,224.35732,8591
2016,9,3,NAS,4,0.214218,222.95778,3184
2016,9,4,NAS,4,0.21042654,205.82773,2751
2016,9,5,NAS,4,0.20900474,204.47154,4970
2016,9,6,NAS,4,0.54579026,186.76422,5485
2016,9,7,NAS,4,0.4613491,186.29662,5188
2016,9,8,NAS,4,0.51083213,191.92099,4624
2016,9,9,NAS,4,0.61915314,212.09761,5524
2016,9,10,NAS,4,0.6393402,215.43823,5158
2016,9,11,NAS,4,0.49753815,201.99413,5313
2016,9,12,NAS,4,0.4160512,188.99283,5559
2016,9,13,NAS,4,0.40965042,186.26689,4792
2016,9,14,NAS,4,0.44756278,187.04501,5359
2016,9,15,NAS,4,0.5201871,190.37096,5484
2016,9,16,NAS,4,0.627031,211.84093,6005
2016,9,17,NAS,4,0.62924665,215.20917,4576
2016,9,18,NAS,4,0.48325947,203.47452,5531
2016,9,19,NAS,4,0.4239291,192.14957,5373
2016,9,20,NAS,4,0.42959133,192.47475,5597
2016,9,21,NAS,4,0.47464302,194.75305,6255
2016,9,22,NAS,4,0.58296406,198.66116,6248
2016,9,23,NAS,4,0.6974397,215.14401,6250
2016,9,24,NAS,4,0.69916296,217.1252,4561
2016,9,25,NAS,4,0.49729198,201.7566,5618
2016,9,26,NAS,4,0.39537174,189.46906,7474
2016,9,27,NAS,4,0.37567702,186.24527,5384
2016,9,28,NAS,4,0.38453963,185.1572,5713
2016,9,29,NAS,4,0.4763663,186.41467,6350
2016,9,30,NAS,4,0.6164451,197.42812,6545
2016,10,1,NAS,4,0.7473299,195.07005,4134
2016,10,2,NAS,4,0.5736955,204.39156,5030
2016,10,3,NAS,4,0.4244736,188.30699,6651
2016,10,4,NAS,4,0.38632897,187.57036,6173
2016,10,5,NAS,4,0.4095209,186.9478,5768
2016,10,6,NAS,4,0.5209033,193.41911,6282
2016,10,7,NAS,4,0.66707355,202.04399,5295
2016,10,8,NAS,4,0.6859933,196.64334,3518
2016,10,9,NAS,4,0.5321941,193.17091,5527
2016,10,10,NAS,4,0.41379312,185.15825,6663
2016,10,11,NAS,4,0.3945682,186.1497,6555
2016,10,12,NAS,4,0.42477876,187.3793,6280
2016,10,13,NAS,4,0.55111384,188.98369,5318
2016,10,14,NAS,4,0.72474825,186.92793,5795
2016,10,15,NAS,4,0.7577052,180.88791,4044
2016,10,16,NAS,4,0.55447054,197.2096,3765
2016,10,17,NAS,4,0.4250839,188.55626,6704
2016,10,18,NAS,4,0.41928592,189.77982,5923
2016,10,19,NAS,4,0.43484893,187.63931,5076
2016,10,20,NAS,4,0.50625575,190.5649,5394
2016,10,21,NAS,4,0.63045466,197.66722,6550
2016,10,22,NAS,4,0.6396094,199.26334,5661
2016,10,23,NAS,4,0.45956668,195.50763,5137
2016,10,24,NAS,4,0.35947514,185.39066,5855
2016,10,25,NAS,4,0.33628318,183.33517,5244
2016,10,26,NAS,4,0.35581324,184.60114,6326
2016,10,27,NAS,4,0.4202014,191.4342,5327
2016,10,28,NAS,4,0.46200794,218.2042,5457
2016,10,29,NAS,4,0.45620996,220.3266,4059
2016,10,30,NAS,4,0.3527617,200.24564,5116
2016,10,31,NAS,4,0.31583765,187.57225,5410
2016,11,1,NAS,4,0.30820873,183.60918,5109
2016,11,2,NAS,4,0.32285628,186.32402,5764
2016,11,3,NAS,4,0.3860238,191.8648,5939
2016,11,4,NAS,4,0.4195911,214.81335,5402
2016,11,5,NAS,4,0.4159292,214.55173,4807
2016,11,6,NAS,4,0.3341471,196.55408,6084
2016,11,7,NAS,4,0.29600245,184.13048,6504
2016,11,8,NAS,4,0.29081476,183.04648,4815
2016,11,9,NAS,4,0.31248093,183.96272,6433
2016,11,10,NAS,4,0.42538908,183.74243,5425
2016,11,11,NAS,4,0.5944461,170.77051,4849
2016,11,12,NAS,4,0.615502,167.98572,3368
2016,11,13,NAS,4,0.512664,171.18785,5100
2016,11,14,NAS,4,0.32682332,180.58885,6822
2016,11,15,NAS,4,0.28867868,182.003,5733
2016,11,16,NAS,4,0.2798291,183.01483,4864
2016,11,17,NAS,4,0.3011901,188.26724,5433
2016,11,18,NAS,4,0.32163563,216.4296,5710
2016,11,19,NAS,4,0.32651815,216.39737,3817
2016,11,20,NAS,4,0.283491,193.26277,5326
2016,11,21,NAS,4,0.2764724,185.00043,4962
2016,11,22,NAS,4,0.2856271,185.3067,6296
2016,11,23,NAS,4,0.3289594,198.05457,6637
2016,11,24,NAS,4,0.33811414,205.69617,2869
2016,11,25,NAS,4,0.33811414,225.0355,3169
2016,11,26,NAS,4,0.32285628,226.04958,4853
2016,11,27,NAS,4,0.27586207,205.53435,5423
2016,11,28,NAS,4,0.2541959,184.08347,6584
2016,11,29,NAS,4,0.25297529,179.71283,5050
2016,11,30,NAS,4,0.25450107,179.57266,6150
2016,12,1,NAS,4,0.25968874,185.89778,6087
2016,12,2,NAS,4,0.26090938,214.2593,5350
2016,12,3,NAS,4,0.25328043,215.30731,2972
2016,12,4,NAS,4,0.23924321,188.7116,3616
2016,12,5,NAS,4,0.3289594,186.8995,5508
2016,12,6,NAS,4,0.33018005,186.21275,5680
2016,12,7,NAS,4,0.33201098,185.96346,5762
2016,12,8,NAS,4,0.33750382,196.04007,5538
2016,12,9,NAS,4,0.34147087,226.03105,5094
2016,12,10,NAS,4,0.34452242,227.48604,3873
2016,12,11,NAS,4,0.33384192,200.9661,4793
2016,12,12,NAS,4,0.3234666,186.97069,5577
2016,12,13,NAS,4,0.32377174,186.30415,5478
2016,12,14,NAS,4,0.32499236,186.66547,5203
2016,12,15,NAS,4,0.32560268,196.81628,6199
2016,12,16,NAS,4,0.32590786,225.21095,5656
2016,12,17,NAS,4,0.32804394,226.20618,3696
2016,12,18,NAS,4,0.32712847,200.35828,4530
2016,12,19,NAS,4,0.32926458,190.3453,6163
2016,12,20,NAS,4,0.33018005,188.80365,4931
2016,12,21,NAS,4,0.33079037,190.70543,6543
2016,12,22,NAS,4,0.3396399,206.77634,6006
2016,12,23,NAS,4,0.3518462,235.24341,5988
2016,12,24,NAS,4,0.3588648,237.71252,3986
2016,12,25,NAS,4,0.3582545,221.69092,3784
2016,12,26,NAS,4,0.35642356,210.32669,6498
2016,12,27,NAS,4,0.35581324,203.22359,7020
2016,12,28,NAS,4,0.36496797,203.91783,5438
2016,12,29,NAS,4,0.41196215,219.00311,6338
2016,12,30,NAS,4,0.45041198,252.6713,6769
2016,12,31,NAS,4,0.45193774,251.66092,4368
2017,1,1,NAS,4,0.3588648,228.05188,5987
2017,1,2,NAS,4,0.31949955,200.67534,5587
2017,1,3,NAS,4,0.31095514,190.24667,4340
2017,1,4,NAS,4,0.3112603,190.94373,4717
2017,1,5,NAS,4,0.3112603,197.6234,5223
2017,1,6,NAS,4,0.30851388,226.9947,5372
2017,1,7,NAS,4,0.30790356,227.66402,2875
2017,1,8,NAS,4,0.30820873,199.82532,3493
2017,1,9,NAS,4,0.30576748,190.2488,5262
2017,1,10,NAS,4,0.30729327,190.09074,5966
2017,1,11,NAS,4,0.30790356,189.95326,5127
2017,1,12,NAS,4,0.30851388,197.94617,5011
2017,1,13,NAS,4,0.30973452,229.17772,5588
2017,1,14,NAS,4,0.31278607,228.9636,4004
2017,1,15,NAS,4,0.31065,203.08543,4262
2017,1,16,NAS,4,0.30332622,195.78712,5715
2017,1,17,NAS,4,0.3042417,195.02983,5813
2017,1,18,NAS,4,0.30454683,190.54059,6350
2017,1,19,NAS,4,0.3042417,196.42369,6073
2017,1,20,NAS,4,0.30302104,225.72986,6295
2017,1,21,NAS,4,0.30210558,226.95715,4227
2017,1,22,NAS,4,0.2999695,199.37881,4040
2017,1,23,NAS,4,0.30088496,190.99956,5210
2017,1,24,NAS,4,0.30180043,190.87456,5449
2017,1,25,NAS,4,0.30302104,189.93388,4657
2017,1,26,NAS,4,0.3027159,196.36105,5455
2017,1,27,NAS,4,0.30088496,225.21431,6565
2017,1,28,NAS,4,0.3005798,226.68848,4025
2017,1,29,NAS,4,0.2984437,198.8382,3164
2017,1,30,NAS,4,0.29935917,191.33493,5999
2017,1,31,NAS,4,0.3005798,190.95157,5254
2017,2,1,NAS,4,0.29966432,191.22789,5878
2017,2,2,NAS,4,0.29874885,198.06483,5399
2017,2,3,NAS,4,0.29813853,225.56348,6707
2017,2,4,NAS,4,0.29813853,226.7887,4135
2017,2,5,NAS,4,0.29569727,199.69368,3973
2017,2,6,NAS,4,0.29722306,192.76726,4993
2017,2,7,NAS,4,0.29752824,192.38054,4297
2017,2,8,NAS,4,0.29783338,192.5554,5315
2017,2,9,NAS,4,0.29813853,199.02522,5538
2017,2,10,NAS,4,0.29813853,226.85088,5240
2017,2,11,NAS,4,0.29661277,227.61649,4302
2017,2,12,NAS,4,0.29264572,201.44046,4138
2017,2,13,NAS,4,0.2947818,192.35007,6473
2017,2,14,NAS,4,0.29569727,192.64731,5439
2017,2,15,NAS,4,0.29752824,192.13858,6205
2017,2,16,NAS,4,0.2999695,198.41412,5071
2017,2,17,NAS,4,0.30210558,229.78444,5056
2017,2,18,NAS,4,0.30393654,230.50592,4433
2017,2,19,NAS,4,0.2999695,203.73016,3832
2017,2,20,NAS,4,0.29661277,196.98741,5723
2017,2,21,NAS,4,0.29661277,192.83601,5300
2017,2,22,NAS,4,0.29722306,192.51108,5221
2017,2,23,NAS,4,0.29722306,198.70863,5683
2017,2,24,NAS,4,0.29966432,226.11241,5382
2017,2,25,NAS,4,0.2999695,227.04533,4878
2017,2,26,NAS,4,0.29386634,200.89369,4189
2017,2,27,NAS,4,0.29447666,192.70674,5891
2017,2,28,NAS,4,0.29386634,192.48271,5434
